-1.425085574656444 -0.8002734508196319 = 186.73089953346434 @ 137858 166.29544305801392 1
5.472342354267484 6.116645165564714 = 121.86601292754305 @ 195142 218.144948720932 1
-0.6916967480465068 9.879610797154335 = 18.07686467020198 @ 7302 16.573134422302246 1
6.085897241473978 5.478124818230819 = 123.53703332128026 @ 197004 219.67094802856445 1
6.629322418763758 -7.828968349568779 = 41.011080408576184 @ 9590 20.761722087860107 1
5.482625025582136 -7.708502877390883 = 186.73069903327303 @ 166614 192.50387859344482 1
-1.4250855749713034 -0.800273450520941 = 186.73089953346434 @ 168892 194.4648654460907 1
-7.0835600955041595 4.858121535831241 = 186.73089271773463 @ 199166 221.46945524215698 1
5.485553971259803 -1.4247834016919163 = 186.7146500972763 @ 175150 200.33058428764343 1
-7.678919078390873 -8.283468087232485 = 78.47924636927914 @ 79498 109.73080611228943 1
6.085905701220627 5.478123720041797 = 123.53707906120941 @ 157284 184.03906798362732 1
-0.8005476712310504 -1.4251052146805783 = 186.73079413154852 @ 199336 221.61245489120483 1
9.540776326015491 -6.458926476096383 = 30.31550868455915 @ 197454 220.04197812080383 1
7.714911701415211 -9.59223484918253 = 1.5657400882558443 @ 500 0.008999824523925781 1
2.7876172051429666 -7.067616514919292 = 38.17941850360676 @ 7106 16.199103593826294 1
4.180139739705517 -7.648052781754493 = 63.98811488229097 @ 156138 183.04692435264587 1
-1.42538539555858 5.48312077191788 = 186.73060948503695 @ 174796 199.7635838985443 1
-7.694368950706633 -3.018875332009839 = 46.185475511472674 @ 34362 59.04966115951538 1
5.509009407605042 1.8414637562880065 = 38.21155143251143 @ 1704 3.041999340057373 1
6.082253085929144 -7.09686970151056 = 123.25683815219507 @ 114698 144.57248091697693 1
5.482864099681278 4.858058797614004 = 186.7309088224179 @ 191272 214.65326404571533 1
-0.7998017492259845 4.855518148934751 = 186.715303008843 @ 164512 190.42771887779236 1
4.858057839813002 -0.8003212610672011 = 186.73090882881468 @ 199704 221.91149044036865 1
6.064870462212622 8.594931920878645 = 24.641607894097206 @ 28720 51.62995743751526 1
4.863745131639158 -7.0812000959555395 = 186.6436276570245 @ 122424 151.95272159576416 1
-0.8003232536472125 -7.7083012552357655 = 186.73090845775707 @ 180716 205.2939157485962 1
-7.711280398574713 -0.7993224743755627 = 186.70821187228083 @ 105068 135.73864603042603 1
-0.8003232512477432 -7.7083012548425724 = 186.730908457757 @ 182714 206.95388531684875 1
7.537003901735585 1.6993532390487502 = 5.578137677448584 @ 154704 181.54777002334595 1
-2.713012478601776 -9.596276708823657 = -0.6785436020588176 @ 56332 85.34102654457092 1
-7.081453707797555 -6.5119105948081675 = 121.43167522550293 @ 190274 213.82369232177734 1
-8.311792011386936 -1.4612457654554056 = 77.48680179454144 @ 197692 220.24097871780396 1
-1.4253853955585707 5.48312077191791 = 186.73060948503692 @ 185548 209.5508849620819 1
5.482864099697094 4.858058797606946 = 186.73090882241797 @ 197914 220.4239478111267 1
6.67330814158825 6.051723277175709 = 29.831989256662553 @ 199508 221.75348615646362 1
-8.700230995157566 -9.349620629008994 = 9.600509544351535 @ 3262 7.348192930221558 1
9.012796121624088 5.750192775736507 = 11.201549779459379 @ 67934 97.77070260047913 1
-0.1812579978062847 -2.002246904048016 = 52.36997779877608 @ 23566 44.281439781188965 1
-1.36583307862277 -3.0440944566956696 = 43.08297563696621 @ 108092 138.43297052383423 1
-7.085678924003623 -7.708126962930488 = 186.72039440095514 @ 198566 220.96048593521118 1
-2.0729250274531528 -1.367777843699282 = 70.37315962950248 @ 178708 203.3238706588745 1
4.858057839556409 -0.8003212577643225 = 186.7309088288181 @ 199708 221.91448760032654 1
-3.04237220271375 -7.720172031401349 = 45.117630800996984 @ 2260 4.607999324798584 1
-0.1954739957317897 -0.8003823304043782 = 123.57675060743473 @ 92286 122.96777486801147 1
-6.515742628685633 4.295829984539541 = 51.04468351085506 @ 56218 85.22599601745605 1
5.482625025581326 -7.708502877389921 = 186.730699033273 @ 170948 196.50387454032898 1
-0.8029353479766502 6.0828611672210355 = 123.52040851764495 @ 197856 220.37197852134705 1
7.020168495500179 -0.8554405719497595 = 45.32343976564727 @ 184814 208.69591617584229 1
4.858057839835515 -0.8003212613847273 = 186.73090882881422 @ 198638 221.02645611763 1
-2.954010356990969 -1.4561812919308723 = 43.88857751528966 @ 187842 211.5244255065918 1
-0.7998017492260211 4.855518148934744 = 186.71530300884297 @ 168968 194.53189373016357 1
5.482625025581214 -7.708502877389789 = 186.73069903327303 @ 156690 183.52092266082764 1
5.48286409968096 4.8580587976141505 = 186.7309088224179 @ 193434 216.45143795013428 1
4.251736149162731 -1.3900403129721375 = 77.34937879368442 @ 105400 136.03864645957947 1
-1.4250855753472347 -0.8002734501643162 = 186.73089953346434 @ 158560 185.10903763771057 1
-6.504357804121153 -7.084767103493451 = 122.29839054119559 @ 123256 152.68086767196655 1
6.0882507798362715 -0.8100851524655602 = 123.43679719959167 @ 159226 185.67063999176025 1
-7.722840715275479 6.632489007861299 = 49.12727645170756 @ 2612 5.471999645233154 1
4.8581032656656395 -0.8003289376763565 = 186.73090368020505 @ 199194 221.4944553375244 1
5.48555397125976 -1.4247834016915877 = 186.71465009727626 @ 177386 202.21772575378418 1
-0.8005476712421942 -1.4251052147840197 = 186.73079413154855 @ 195622 218.52994775772095 1
5.482625025583571 -7.708502877392588 = 186.73069903327308 @ 160544 187.06168937683105 1
-1.42508557518176 -0.8002734503212937 = 186.73089953346434 @ 147798 175.37152934074402 1
-1.4236811637799334 -7.082317380443219 = 186.72290133624074 @ 161938 188.2407364845276 1
-7.711280398574685 -0.799322474375477 = 186.70821187228086 @ 113314 143.36096930503845 1
-7.086033166680667 -1.4250032994295583 = 186.71675878733302 @ 198382 220.79945611953735 1
9.587916426122437 4.8545284001141695 = 45.974333696085125 @ 28330 51.12841486930847 1
-0.8003232540000914 -7.70830125529358 = 186.73090845775704 @ 195056 218.06697869300842 1
4.870913806797913 7.628720225106946 = 37.08732805240512 @ 25866 47.93212342262268 1
-1.4236811637799403 -7.082317380443216 = 186.72290133624077 @ 157262 184.02107095718384 1
-1.4250855751098597 -0.800273450389501 = 186.73089953346434 @ 167898 193.59986329078674 1
6.069366855727324 6.737625050336041 = 22.602324057228465 @ 18666 36.64638018608093 1
4.858057839799894 -0.8003212609083541 = 186.7309088288148 @ 199464 221.71945524215698 1
5.472342355330973 6.11664516590934 = 121.86601292327745 @ 198862 221.2114553451538 1
-0.8004542782793169 -1.4251697445765512 = 186.73086565758558 @ 199892 222.06648588180542 1
-7.71128039857475 -0.799322474375677 = 186.70821187228083 @ 107572 137.97696781158447 1
6.060010073543944 5.484607751538745 = 122.08924438070163 @ 196474 219.2279806137085 1
-0.799801749225843 4.855518148934775 = 186.71530300884294 @ 183094 207.26291799545288 1
5.482625025581411 -7.708502877390023 = 186.73069903327303 @ 155370 182.38773727416992 1
-0.8005476712542035 -1.4251052148954926 = 186.73079413154858 @ 151924 179.16975331306458 1
4.8580578392283655 -0.8003212535370836 = 186.73090882882244 @ 197576 220.14194774627686 1
4.858057839590028 -0.8003212582225676 = 186.7309088288176 @ 199562 221.7984848022461 1
-0.8272094285263943 -0.16233122805147154 = 120.50430724061242 @ 185988 209.9204261302948 1
-1.4250855752741045 -0.8002734502336086 = 186.7308995334643 @ 192132 215.35829758644104 1
-2.078464749779548 4.786695236112255 = 67.95176571847253 @ 94388 125.02978873252869 1
4.858057839491417 -0.8003212569163837 = 186.730908828819 @ 199224 221.51845574378967 1
-7.71013271183776 5.489928040989257 = 186.61306560860388 @ 199626 221.84648942947388 1
-1.4250855754925427 -0.800273450026471 = 186.7308995334643 @ 141306 169.51446628570557 1
-1.4236811637799422 -7.082317380443216 = 186.7229013362408 @ 153734 180.70877075195312 1
3.323048103166491 -6.546383181522621 = 27.570800599601448 @ 104982 135.36064624786377 1
5.48262502558201 -7.708502877390734 = 186.730699033273 @ 164092 190.06975317001343 1
-0.7998017492261902 4.855518148934714 = 186.715303008843 @ 106850 137.33182501792908 1
-7.703706468104514 -7.0736175211237855 = 186.46568407060548 @ 50360 78.64316725730896 1
-1.9968942738022837 -1.5260734597373737 = 69.71844955658463 @ 194258 217.15494799613953 1
-7.083560127822716 4.858121465175646 = 186.73089273134764 @ 197552 220.1229476928711 1
9.916631562036642 -4.718755974611691 = 0.07242350990155479 @ 192546 215.6942639350891 1
5.485553971259774 -1.4247834016916998 = 186.7146500972763 @ 168760 194.35189390182495 1
4.817470670627163 5.541225552091785 = 175.6997598847598 @ 189626 213.04272270202637 1
4.863745131639009 -7.08120009595515 = 186.64362765702447 @ 153224 180.26922988891602 1
5.485553971259774 -1.424783401691698 = 186.7146500972763 @ 171282 196.77587580680847 1
-7.083560077050611 4.858121568539644 = 186.73089271225194 @ 198246 220.6884560585022 1
-1.4250855751912868 -0.8002734503122353 = 186.7308995334643 @ 159306 185.74360942840576 1
-7.711280398574678 -0.7993224743754519 = 186.70821187228083 @ 175846 200.90955138206482 1
-2.5202053752407183 5.494689029550489 = 51.86186101197271 @ 8246 18.260105848312378 1
-7.703706468104516 -7.073617521123782 = 186.46568407060545 @ 196602 219.33298015594482 1
6.088251672536916 -0.8100850992664868 = 123.43679719434161 @ 195744 218.62998008728027 1
-9.802704346702976 5.499187305947363 = 37.747903266788484 @ 183776 207.8448851108551 1
5.485553971259772 -1.4247834016916818 = 186.7146500972763 @ 163676 189.71375131607056 1
5.482625025577539 -7.708502877385419 = 186.73069903327297 @ 156076 182.9959225654602 1
5.269055549958166 -5.415496837805933 = 26.13063473860425 @ 2794 5.894684553146362 1
-6.482041864668075 -7.070979586260995 = 123.32493581011884 @ 198718 221.09145522117615 1
-0.1939725552956375 -8.34585812964287 = 49.698215333917666 @ 29668 52.84916853904724 1
5.48262502557599 -7.708502877383578 = 186.730699033273 @ 156430 183.29489135742188 1
-0.8005476712440367 -1.425105214801122 = 186.73079413154855 @ 185558 209.5598850250244 1
-7.107546394097131 6.094508611820251 = 122.6453753805821 @ 11894 25.426881551742554 1
-3.55496686807824 5.493027277816065 = 35.41111769371214 @ 144602 172.34876537322998 1
-0.19527909026357093 5.483074655857491 = 123.57668451796727 @ 196228 219.0239782333374 1
-1.4236811637799405 -7.082317380443216 = 186.7229013362408 @ 158480 185.0390374660492 1
-7.083560138795349 4.858121447028523 = 186.73089273420487 @ 199864 222.04145526885986 1
-1.385379704937793 7.620870228648185 = 36.68840208420963 @ 175488 200.6125829219818 1
-7.687795095470375 2.31964455745873 = 37.15268750033236 @ 15480 31.955251693725586 1
6.673208141275517 6.051704745207992 = 29.839294245696554 @ 41318 67.80747246742249 1
-5.903546229699767 -1.4698814156767732 = 46.02626673397967 @ 191028 214.45729446411133 1
7.088459145214781 5.458537432743975 = 53.742399991132224 @ 80584 111.12738752365112 1
3.7495418870449346 -0.8409736853067049 = 50.43408480095396 @ 70480 100.69531559944153 1
-7.083560122441511 4.858121479085954 = 186.7308927284368 @ 198702 221.07745552062988 1
4.863745131638874 -7.0812000959548005 = 186.6436276570245 @ 119680 149.2496383190155 1
-0.8003232537782461 -7.708301255257136 = 186.730908457757 @ 187920 211.59142541885376 1
5.489533561007323 -0.20466039239363043 = 123.34798246863076 @ 194608 217.44398069381714 1
-7.705553639506192 3.3161592317289355 = 45.37368608504782 @ 43982 70.78462052345276 1
4.817470670627195 5.541225552091808 = 175.6997598847599 @ 198938 221.27745532989502 1
4.8637451316389235 -7.081200095954928 = 186.64362765702452 @ 144014 171.8287913799286 1
5.482864099688575 4.858058797610738 = 186.73090882241792 @ 196428 219.1879482269287 1
-0.8005476712402477 -1.4251052147659515 = 186.73079413154852 @ 192382 215.56026411056519 1
4.858057839429852 -0.8003212561646171 = 186.73090882881968 @ 196332 219.10497903823853 1
6.085903057315415 5.47812498294368 = 123.53707755641632 @ 196736 219.4469816684723 1
5.485553971259768 -1.4247834016916516 = 186.71465009727626 @ 165438 191.50176548957825 1
-7.086033255085875 -1.4249995211334285 = 186.71675556254854 @ 199132 221.4414553642273 1
-1.4250855746074194 -0.8002734508661378 = 186.73089953346437 @ 144964 172.65876483917236 1
-6.504357804121167 -7.084767103493022 = 122.29839054119572 @ 31092 55.05339455604553 1
-0.8003232543708086 -7.708301255354348 = 186.73090845775707 @ 195200 218.18794894218445 1
-7.083560168090415 4.858121391714712 = 186.73089274388767 @ 199820 222.004487991333 1
-7.614614040517084 -2.023208457452561 = 70.3198227188755 @ 76878 107.22811698913574 1
4.858057839561471 -0.800321257833053 = 186.73090882881797 @ 199588 221.81849217414856 1
-0.8005476712349036 -1.425105214716344 = 186.73079413154852 @ 190426 213.9562647342682 1
5.482864099685507 4.85805879761209 = 186.73090882241792 @ 198792 221.15348625183105 1
-1.4236811637799394 -7.082317380443216 = 186.72290133624077 @ 159422 185.83764171600342 1
5.482625025581192 -7.70850287738976 = 186.730699033273 @ 162052 188.34170532226562 1
4.858057839748904 -0.8003212602603416 = 186.73090882881556 @ 198498 220.90248727798462 1
3.8106459130391466 -7.115024677827128 = 49.70037130509807 @ 33186 57.62524342536926 1
-4.206861222972375 -9.553451543248666 = -0.01358245717873915 @ 910 0.9720323085784912 1
-0.8273420486903464 -6.516269826620107 = 119.79140336724214 @ 191198 214.5922667980194 1
-7.083560125497412 4.858121474323901 = 186.73089272914515 @ 195394 218.34297895431519 1
-7.736883112032434 -9.305782261358875 = 45.72024908792241 @ 175996 201.0325517654419 1
-7.08567892400168 -7.708126962928123 = 186.7203944009717 @ 196842 219.53194785118103 1
1.881400134712689 -8.370716027744164 = 13.188233610050277 @ 98630 129.37252187728882 1
9.587916440043468 4.854528341100844 = 45.9743328602121 @ 147534 175.14934086799622 1
-2.08716777844437 -1.4025114455873653 = 70.20683246109571 @ 186746 210.57942390441895 1
-7.711280398574692 -0.7993224743754981 = 186.70821187228086 @ 116866 146.77405309677124 1
-0.8005476712344557 -1.425105214712188 = 186.73079413154852 @ 196226 219.02197933197021 1
-4.932670185446749 -5.627286073487903 = 5.4516757146053445 @ 5128 12.19750165939331 1
2.6967342303766557 -0.7108967937292773 = 28.740463508056294 @ 6956 15.9150869846344 1
7.091361135797233 -1.9779788275807972 = 22.687624870936208 @ 13860 28.741977214813232 1
-0.7998017492259857 4.855518148934751 = 186.715303008843 @ 195036 218.04795289039612 1
3.79769910412128 5.459048405076242 = 50.93606911084881 @ 54702 83.23485374450684 1
-7.086032943741701 -1.4250128274817038 = 186.71676662389117 @ 199554 221.79148697853088 1
-1.3906823316429713 7.594747565450458 = 37.062759016921014 @ 6840 15.689119815826416 1
-0.2043509865497763 -0.7793797092071327 = 122.7856926105103 @ 192794 215.90940761566162 1
-7.083560150370645 4.858121437243273 = 186.73089273440075 @ 199408 221.67345547676086 1
5.482864099680517 4.858058797614342 = 186.73090882241794 @ 194984 217.7659478187561 1
0.6933397426251258 -0.6175211821756026 = 24.373333942186076 @ 140722 169.01446652412415 1
-5.966156796723528 6.065670226020613 = 32.29355513555323 @ 22860 43.28843951225281 1
-6.956656488639728 8.1555597072775 = 29.461358914443682 @ 148210 175.71710395812988 1
-0.7998017492259472 4.855518148934758 = 186.71530300884297 @ 166116 192.07888460159302 1
-0.8029402110272996 6.082861662345685 = 123.5203806005951 @ 197842 220.36097931861877 1
5.553891986741045 9.92408314982792 = 31.607275081087554 @ 93864 124.41082406044006 1
-2.3536951192429005 -7.164454900042174 = 21.660381108422325 @ 2482 5.128030061721802 1
5.462071609976168 -6.447516905744637 = 121.1579732464447 @ 90328 121.19067549705505 1
5.482625025579948 -7.708502877388282 = 186.730699033273 @ 162202 188.46570539474487 1
-6.482111344496998 5.47922863572491 = 123.53362239437949 @ 198546 220.944486618042 1
4.858057838959466 -0.8003212502530315 = 186.7309088288258 @ 182012 206.36491584777832 1
-0.8189321825316208 9.08694315466389 = 37.86338525531458 @ 188078 211.730393409729 1
-8.196941535014831 -7.738418514077119 = 65.52833283415063 @ 45020 72.33863544464111 1
-6.478779564792513 -0.8001550452257049 = 123.5766480763805 @ 110654 141.012348651886 1
-1.4236811637799383 -7.082317380443216 = 186.72290133624077 @ 165936 191.9248514175415 1
-7.0860329913673255 -1.4250107920392612 = 186.71676498536067 @ 199126 221.43645524978638 1
5.485553971259812 -1.4247834016919891 = 186.71465009727626 @ 169116 194.66886401176453 1
-7.107546394097819 6.094508611821315 = 122.6453753805067 @ 183758 207.82788562774658 1
4.858057839510625 -0.8003212571705273 = 186.73090882881868 @ 199286 221.5684552192688 1
-1.4250855761445886 -0.8002734494079111 = 186.7308995334643 @ 139690 167.85844922065735 1
5.502297672718878 7.045486165124949 = 50.517541149572445 @ 198996 221.32448863983154 1
-4.054108881699134 -8.80646377653651 = 9.471219789801653 @ 106164 136.72479391098022 1
-0.799801749225986 4.855518148934751 = 186.715303008843 @ 174470 199.48358249664307 1
6.64916601817143 4.884782935309541 = 47.93236718270768 @ 30926 54.85939359664917 1
-7.711280398574692 -0.7993224743754977 = 186.70821187228088 @ 113502 143.52893328666687 1
5.485553971259817 -1.4247834016920282 = 186.7146500972763 @ 170526 196.13787460327148 1
-3.5497446571350455 -7.037944984190373 = 35.06637554733088 @ 34250 58.91965961456299 1
-6.449014949080935 -1.9801557048077907 = 51.15402041502425 @ 4888 10.971354007720947 1
-3.3436219145265715 7.714022754134739 = 2.8912633803422283 @ 119582 149.16763854026794 1
-1.423681163779941 -7.082317380443216 = 186.7229013362408 @ 166568 192.4638831615448 1
-1.3536222156861868 -4.012124426473394 = 34.68650991454412 @ 112598 142.73145866394043 1
5.485553971259799 -1.4247834016918863 = 186.71465009727626 @ 166566 192.4628837108612 1
-7.083560148663857 4.858121440243421 = 186.73089273390318 @ 199380 221.6494550704956 1
5.462071609977631 -6.447516905743515 = 121.15797324640474 @ 190842 214.30126404762268 1
6.08825609513319 -0.8100848357090953 = 123.43679712370523 @ 167654 193.38835644721985 1
5.482864099675357 4.858058797616623 = 186.73090882241783 @ 191476 214.8242950439453 1
4.891986222219801 4.251655773612969 = 77.42309501093058 @ 4232 9.548335790634155 1
5.485553971259819 -1.4247834016920446 = 186.7146500972763 @ 168830 194.41186547279358 1
-0.7998017492260259 4.855518148934744 = 186.71530300884297 @ 163994 189.97775173187256 1
9.54076375106367 -6.458946507311211 = 30.31555199259055 @ 70110 100.32228469848633 1
-0.8003232533230829 -7.708301255182581 = 186.73090845775704 @ 193514 216.51740741729736 1
-1.5601067818811165 -9.249280361647575 = 35.85751665750921 @ 85912 116.58898973464966 1
-1.4253853955585702 5.48312077191791 = 186.73060948503692 @ 182688 206.9308853149414 1
-0.8005476712374167 -1.4251052147396706 = 186.73079413154855 @ 198166 220.62494778633118 1
-1.4250855752247555 -0.800273450280506 = 186.7308995334643 @ 139380 167.60493922233582 1
5.482864099685863 4.858058797611969 = 186.73090882241792 @ 199078 221.39645552635193 1
-1.4250855745057573 -0.8002734509625785 = 186.73089953346434 @ 144054 171.86776518821716 1
-8.296198659833543 -0.2238199616834518 = 51.860792856371766 @ 142102 170.2054979801178 1
-7.71128039857477 -0.7993224743757354 = 186.70821187228083 @ 129246 158.22013235092163 1
-7.703706468104514 -7.073617521123786 = 186.46568407060553 @ 6144 14.330503225326538 1
4.863745131639182 -7.081200095955603 = 186.64362765702447 @ 93022 123.63777422904968 1
-0.8005476712357584 -1.4251052147242809 = 186.73079413154852 @ 190050 213.63772296905518 1
5.472342352335191 6.116645164937076 = 121.86601293545058 @ 83646 114.01702284812927 1
5.583367740709169 -2.623210535861653 = 33.84849117485595 @ 33440 57.94621419906616 1
7.648626646328962 4.8678281780397965 = 36.014475009755095 @ 88212 118.93555307388306 1
-0.8003232529424085 -7.708301255120039 = 186.730908457757 @ 196258 219.04795026779175 1
7.545570951775341 -7.809745239433541 = 30.77850496558268 @ 26232 48.415154695510864 1
-0.1951821678141766 5.4830417698046645 = 123.57664616033709 @ 194130 217.04743695259094 1
-1.4253853955585725 5.483120771917903 = 186.73060948503692 @ 174226 199.27055168151855 1
4.858057839697708 -0.8003212596047393 = 186.7309088288162 @ 199724 221.92645525932312 1
-8.79688533883221 5.4740706628823474 = 51.99329469615202 @ 52098 80.51895880699158 1
-8.785533136566539 -0.9058209224893072 = 45.19693894971968 @ 57524 86.60799670219421 1
5.468430860745022 -0.2066582563108091 = 123.02989430776898 @ 195024 218.03998064994812 1
-7.680775909432515 0.4146152526706013 = 42.01801499046992 @ 79734 109.95677661895752 1
-7.809968963000357 4.3711965384551315 = 57.74589371918794 @ 55982 84.96802854537964 1
9.864670056113987 -8.497163300159727 = 2.64451375405888 @ 3774 8.549763202667236 1
5.485553971259811 -1.4247834016919807 = 186.71465009727626 @ 167358 193.13485074043274 1
-7.703706468104514 -7.073617521123784 = 186.46568407060545 @ 79540 109.77377533912659 1
-1.4250855752648617 -0.8002734502424593 = 186.73089953346434 @ 149568 176.87007188796997 1
-7.083560111011728 4.858121504212187 = 186.73089272358212 @ 199350 221.623455286026 1
5.482625025578704 -7.708502877386804 = 186.730699033273 @ 156168 183.06992435455322 1
4.8808821266809215 -1.9826600063884858 = 78.0065755641859 @ 198552 220.94948840141296 1
8.501034438827196 -6.586826611326122 = 17.750820691894983 @ 46250 73.71865153312683 1
-0.802931350068306 6.082860752772452 = 123.52043127640408 @ 111456 141.72242760658264 1
-0.7998017492260641 4.8555181489347365 = 186.71530300884297 @ 171304 196.7918758392334 1
-0.8672624036266701 -5.5621152932672935 = 41.716169439762645 @ 5344 12.675501585006714 1
-9.643046326130891 8.919982260398417 = -2.2259868735262263 @ 500 0.008999824523925781 1
6.1761035421543005 0.2801129956659416 = 27.0634500945277 @ 14662 30.05410361289978 1
4.883378554874387 -5.964479780994948 = 48.838861977191634 @ 159454 185.8656415939331 1
-7.7101945238804515 5.489893468113736 = 186.61360815361815 @ 173212 198.40755152702332 1
5.482625025581849 -7.708502877390542 = 186.73069903327305 @ 171098 196.62787508964539 1
4.857007684994089 -5.967453504325538 = 49.11535542297856 @ 173436 198.5985825061798 1
-7.711280398574675 -0.7993224743754475 = 186.70821187228086 @ 102860 133.47863507270813 1
1.8160617275397817 -0.8244997269940011 = 39.22437257678322 @ 194308 217.19398045539856 1
4.858057839881156 -0.8003212619643848 = 186.7309088288137 @ 199362 221.63545513153076 1
4.3053459434674926 -0.22769408095457538 = 50.867507943745366 @ 93772 124.32879137992859 1
-8.16288584404787 9.06396225805128 = 11.268544125832221 @ 26302 48.50315308570862 1
4.8580578397623055 -0.8003212603907248 = 186.7309088288153 @ 199950 222.1096007823944 1
-9.401461974887676 -5.416606067862351 = 10.030174058863786 @ 6876 15.744119644165039 1
-1.5396736161642508 -4.995866395550905 = 31.184903448314273 @ 43470 70.20847129821777 1
-7.7037064681045155 -7.073617521123786 = 186.4656840706055 @ 107950 138.31393671035767 1
-7.086033284731595 -1.424998254123154 = 186.7167544662451 @ 199966 222.12163090705872 1
-7.0860333335765455 -1.4249961665686945 = 186.71675264362068 @ 197674 220.22497987747192 1
-0.8029345312523604 6.08286108736538 = 123.52041326129243 @ 188034 211.69342517852783 1
-7.703706468104516 -7.073617521123785 = 186.4656840706055 @ 198788 221.14848852157593 1
-1.4261636164800677 4.2581198165730125 = 78.94914684677741 @ 190624 214.12026381492615 1
-7.07773707090317 3.7293620821164524 = 49.890575554178746 @ 10448 22.847841501235962 1
-0.800323254032017 -7.708301255298734 = 186.73090845775707 @ 184094 208.11391806602478 1
5.483212976156623 -0.195353438754853 = 123.57659099669276 @ 124158 153.48190236091614 1
5.482864099698224 4.858058797606427 = 186.730908822418 @ 194074 217.00140714645386 1
5.482625025580736 -7.70850287738922 = 186.73069903327303 @ 172740 197.99858283996582 1
-1.4253853955585782 5.483120771917886 = 186.73060948503692 @ 170088 195.76987481117249 1
5.4828640996889835 4.858058797610568 = 186.73090882241786 @ 198062 220.54094743728638 1
4.9876806340204185 -3.9125039109999515 = 26.85627042315213 @ 2786 5.885685682296753 1
4.817470670627203 5.541225552091815 = 175.69975988475963 @ 189570 212.99672436714172 1
-9.545648128016659 6.106380677678402 = 1.5174212580438153 @ 500 0.008999824523925781 1
-7.083560159685986 4.8581214029690045 = 186.73089274249963 @ 199340 221.61545538902283 1
5.485553971259824 -1.4247834016920797 = 186.7146500972763 @ 179622 204.11187100410461 1
5.48555397125981 -1.424783401691975 = 186.71465009727632 @ 179924 204.36083841323853 1
-2.1154978558474493 -3.3650634104008326 = 8.115962004509225 @ 112862 142.96193313598633 1
-7.772626366239108 8.55597269049683 = 35.281437279550985 @ 33178 57.61824345588684 1
6.499968994603452 7.069741052752876 = 9.447018612502655 @ 71990 102.13936805725098 1
4.236426514391688 1.8180887115267481 = 16.311199286477958 @ 73254 103.38541579246521 1
3.735938970279431 0.3634425307228346 = 13.130151015203895 @ 160682 187.1777195930481 1
4.312836964669405 6.175909327358524 = 45.512387769368885 @ 21908 42.050382137298584 1
4.912149336962488 -4.108165077791673 = 25.89800096869678 @ 199710 221.9154875278473 1
-1.4250855746916637 -0.8002734507862193 = 186.73089953346434 @ 156814 183.6289222240448 1
5.482625025580958 -7.708502877389483 = 186.73069903327303 @ 186198 210.10339331626892 1
-1.4253853955585631 5.483120771917931 = 186.73060948503692 @ 166190 192.1438512802124 1
-7.086032909154397 -1.4250143056873235 = 186.71676780173425 @ 199994 222.14363026618958 1
8.2770557946229 9.48378074283563 = 2.968713344309447 @ 2230 4.531031847000122 1
-1.4250855754563392 -0.8002734500608146 = 186.73089953346434 @ 179722 204.19483828544617 1
-1.42368116377994 -7.082317380443216 = 186.72290133624077 @ 159858 186.20960927009583 1
-1.4250855752796396 -0.8002734502284402 = 186.73089953346434 @ 151560 178.8647220134735 1
-0.7998017492259846 4.855518148934751 = 186.715303008843 @ 180228 204.88187098503113 1
4.86374513163822 -7.081200095953088 = 186.64362765702447 @ 86530 117.21350312232971 1
4.18013973970606 -7.648052781753254 = 63.98811488229099 @ 135926 164.62244582176208 1
-7.083560133185276 4.858121461665812 = 186.73089273113106 @ 199094 221.408456325531 1
4.8580578396666345 -0.8003212591919324 = 186.73090882881652 @ 195752 218.6359782218933 1
-7.1110308600903185 -0.16733831411805605 = 121.0127825984816 @ 197304 219.9169476032257 1
4.863745131639293 -7.081200095955895 = 186.64362765702452 @ 93838 124.38578844070435 1
-8.303028615777903 4.815549025689576 = 77.42419334696592 @ 75726 106.12396311759949 1
5.482625025584754 -7.708502877393995 = 186.73069903327303 @ 150172 177.6596086025238 1
5.482625025581717 -7.708502877390385 = 186.730699033273 @ 164072 190.04775047302246 1
5.485553971259838 -1.424783401692193 = 186.71465009727626 @ 175826 200.8935513496399 1
-1.4253853955585702 5.483120771917909 = 186.73060948503692 @ 186516 210.3844256401062 1
3.797699254204966 5.459048619279653 = 50.93606626106458 @ 183584 207.67188596725464 1
3.2391387832126677 -7.7381424903368305 = 44.587971589088596 @ 63280 92.78411507606506 1
-7.703706468104515 -7.073617521123786 = 186.4656840706055 @ 91500 122.25879001617432 1
8.506951345325682 -1.3603529974110362 = 31.774995721046047 @ 99378 130.05948996543884 1
-1.4250855751291502 -0.8002734503712017 = 186.73089953346434 @ 163510 189.57474970817566 1
-8.311802051108007 -1.4612370855099397 = 77.48679952380809 @ 189378 212.83572459220886 1
4.863745131639179 -7.081200095955597 = 186.6436276570245 @ 109634 139.8019368648529 1
-8.767401915187415 -7.063033694954054 = 50.94895480482465 @ 143172 171.11961603164673 1
5.502297672714991 7.0454861651258085 = 50.51754114976742 @ 64516 94.02011561393738 1
-0.8005476712390294 -1.4251052147546424 = 186.73079413154852 @ 190096 213.67572283744812 1
-1.4289549101641827 4.269522651470007 = 79.335723207335 @ 190624 214.12026381492615 1
-1.4220694424262428 -8.295750066073296 = 79.3597818036305 @ 53414 81.88195872306824 1
0.3020336114286428 -7.821508523293866 = 41.061155358263605 @ 171968 197.35104489326477 1
-3.9680623349381268 8.003241894183557 = 6.741072117099563 @ 8612 19.030641317367554 1
-1.423681156164219 -7.082317349023116 = 186.7229011197611 @ 198768 221.13345551490784 1
4.858057839932193 -0.8003212626035832 = 186.73090882881291 @ 198466 220.87545824050903 1
-7.678918680224704 -8.283469000692996 = 78.47924134393487 @ 189024 212.5286922454834 1
-6.482111344497389 5.479228635724469 = 123.53362239436954 @ 198732 221.10345554351807 1
-7.647497462300803 -9.860962125384592 = -27.775936989814337 @ 1432 2.363029718399048 1
-1.4250855751377145 -0.8002734503630768 = 186.73089953346434 @ 143704 171.566645860672 1
-7.711280398574713 -0.7993224743755625 = 186.70821187228083 @ 103112 133.69263434410095 1
5.485553971259799 -1.4247834016918874 = 186.71465009727626 @ 166320 192.25385165214539 1
-0.8003232532879534 -7.708301255176499 = 186.73090845775704 @ 198148 220.60994815826416 1
-0.8005476712392734 -1.4251052147569068 = 186.73079413154852 @ 189122 212.61469221115112 1
-7.731192706561799 -4.9983476839029395 = 36.45397203639295 @ 165276 191.36676502227783 1
-0.8460258144292068 -9.58963102335001 = 9.396433019885588 @ 187942 211.61139345169067 1
-6.923001209355428 7.168170831703086 = 36.26634193312501 @ 44476 71.32362127304077 1
9.552209036564337 -1.420560453078376 = 46.39465669357346 @ 194838 217.6399483680725 1
-7.71128039857472 -0.799322474375585 = 186.70821187228086 @ 127680 156.84196209907532 1
-1.425085574882297 -0.8002734506053779 = 186.73089953346434 @ 140360 168.7024495601654 1
6.085904863120193 5.478124120373325 = 123.53707858758425 @ 199276 221.56145548820496 1
6.082253085927375 -7.096869701509608 = 123.25683815219504 @ 84850 115.22798991203308 1
4.271772201879514 4.867980361539354 = 79.28724626230786 @ 103862 134.35566973686218 1
5.485553971259807 -1.4247834016919487 = 186.7146500972763 @ 192438 215.60626411437988 1
-7.086032767975644 -1.4250203394397152 = 186.7167725037677 @ 191658 214.96926403045654 1
-7.711280398574742 -0.79932247437565 = 186.70821187228083 @ 104834 135.2316460609436 1
4.858057839751405 -0.8003212603150649 = 186.7309088288155 @ 199500 221.74748754501343 1
-1.4253853955585742 5.483120771917897 = 186.73060948503692 @ 196276 219.06197905540466 1
-7.7099770199766375 5.4900151229415535 = 186.61159695449072 @ 197644 220.20094776153564 1
6.082562234417565 -2.0164525144170047 = 52.44903042553441 @ 5390 12.769501447677612 1
-7.737341970678173 -9.305342768026282 = 45.719630671502706 @ 188634 212.20672488212585 1
-0.7337864281805644 3.7792563385872224 = 49.32338135019938 @ 112904 142.99793338775635 1
-7.083560150884732 4.858121437473661 = 186.73089273420922 @ 199238 221.53045511245728 1
-7.083560189170634 4.858121332823579 = 186.73089275657992 @ 176684 201.62415957450867 1
4.889565561101574 -1.9885663754369716 = 77.91401211465788 @ 179128 203.68983912467957 1
-7.703706468104516 -7.073617521123783 = 186.46568407060545 @ 195596 218.50794792175293 1
-1.4122432816185295 -2.0180628400974703 = 79.0750424568001 @ 21500 41.47440981864929 1
-0.8005476712358763 -1.4251052147253733 = 186.73079413154852 @ 189196 212.6726930141449 1
-9.79293649953601 -0.509347314866476 = 8.263783019320378 @ 20420 39.914408922195435 1
-1.4250855754368845 -0.800273450079271 = 186.7308995334643 @ 138356 166.7204451560974 1
-6.11403727820133 -7.659172660116987 = 17.36386982202248 @ 75328 105.73595976829529 1
-7.083560142051343 4.85812145232606 = 186.7308927318371 @ 199650 221.866455078125 1
-0.8005476712363262 -1.4251052147295502 = 186.73079413154852 @ 188248 211.87857055664062 1
-8.303028618008234 4.815549021370413 = 77.42419291458776 @ 174516 199.52158331871033 1
-8.31178976569695 -1.4612477069892371 = 77.48680224412868 @ 130728 159.80827856063843 1
-8.273376969743188 -6.531009479372925 = 50.0199780443151 @ 133380 162.11142349243164 1
5.4828640996643525 4.858058797621554 = 186.73090882241783 @ 188864 212.39869236946106 1
-0.8189322480276675 9.086943107893777 = 37.86338560090159 @ 74010 104.12541651725769 1
-7.7100157405859076 5.4899934656606515 = 186.6119758638753 @ 199870 222.04545545578003 1
6.082253085924221 -7.096869701507908 = 123.25683815219509 @ 174752 199.72458481788635 1
-6.973829640321708 0.9097313475995236 = 40.37883536447272 @ 34828 59.58065867424011 1
5.482864099692738 4.8580587976089 = 186.73090882241794 @ 194722 217.54097867012024 1
-0.1950367841397837 5.482992440722041 = 123.57651590964389 @ 199896 222.06910681724548 1
-0.1954738211929846 -0.8003826617826124 = 123.57675060629234 @ 187984 211.6494255065918 1
4.817470670627104 5.541225552091742 = 175.69975988476006 @ 188298 211.92356967926025 1
-9.79022684198609 5.470774280661965 = 38.146600025649384 @ 62670 92.18957424163818 1
5.482864099702943 4.858058797604338 = 186.730908822418 @ 148392 175.86407208442688 1
-0.8005476712485633 -1.42510521484314 = 186.73079413154855 @ 194720 217.53897833824158 1
-7.709837493651418 5.490093163132498 = 186.6101565987092 @ 199180 221.48145532608032 1
-1.465767322478671 9.429906259199921 = 31.714145292909063 @ 2488 5.149030685424805 1
4.8808973307297014 -8.322245092697317 = 77.4498918625104 @ 104516 134.9426474571228 1
4.81747067062715 5.541225552091781 = 175.6997598847584 @ 196970 219.64194893836975 1
-7.086033272169353 -1.4249987910131154 = 186.71675493171293 @ 199728 221.92945551872253 1
5.485553971259808 -1.4247834016919678 = 186.7146500972763 @ 175662 200.75758361816406 1
-0.19481870862869036 5.4829184471029855 = 123.57615696296571 @ 146714 174.44337224960327 1
6.962384050397375 -9.195945236279218 = 7.23012500678267 @ 1846 3.4009995460510254 1
8.045354184086966 -0.8888926743020957 = 34.50630981274109 @ 33414 57.91921281814575 1
-7.034009404429165 -2.5271570570252324 = 50.25757566739673 @ 8734 19.273610591888428 1
4.858057839627326 -0.800321258686077 = 186.73090882881706 @ 199720 221.92348885536194 1
4.8637451316388525 -7.081200095954743 = 186.6436276570245 @ 120734 150.48414587974548 1
-7.711280398574699 -0.7993224743755195 = 186.70821187228086 @ 120628 150.38814759254456 1
-1.4250855755373635 -0.8002734499839517 = 186.73089953346434 @ 142644 170.66761469841003 1
0.8344874328546705 5.46263930910437 = 53.975406931668495 @ 73556 103.68141746520996 1
-0.7998017492260252 4.855518148934744 = 186.71530300884297 @ 158426 184.9930374622345 1
5.48262502558149 -7.708502877390115 = 186.73069903327303 @ 176900 201.80415964126587 1
5.485553971259811 -1.4247834016919785 = 186.7146500972763 @ 179708 204.18383860588074 1
-0.8005476712423709 -1.4251052147856593 = 186.73079413154855 @ 195704 218.5979790687561 1
-1.4250855759834233 -0.8002734495607997 = 186.73089953346434 @ 153552 180.5597698688507 1
-6.482111344496966 5.479228635725064 = 123.53362239438181 @ 58724 87.81204032897949 1
5.482864099687239 4.858058797611296 = 186.73090882241786 @ 193630 216.61340713500977 1
-4.969086289263885 4.86043058181971 = 37.65060624636694 @ 25804 47.843153953552246 1
-1.4250855754346519 -0.8002734500813881 = 186.7308995334643 @ 143400 171.30761528015137 1
-0.19512401434443166 5.4830220381714625 = 123.57660453012844 @ 196798 219.49598026275635 1
-0.800547671235887 -1.425105214725473 = 186.73079413154852 @ 190272 213.8206923007965 1
4.858057839731763 -0.8003212600393799 = 186.73090882881564 @ 199958 222.11562967300415 1
0.3028527043224552 -7.821922341585225 = 41.06319630132408 @ 162354 188.5967357158661 1
4.863745131638727 -7.081200095954417 = 186.6436276570245 @ 114778 144.64448165893555 1
-7.705553639500147 3.316159231729364 = 45.373686085002035 @ 164854 190.72474932670593 1
6.082253085932043 -7.096869701512121 = 123.25683815219507 @ 104696 135.1066460609436 1
-7.083560171128631 4.858121372812442 = 186.7308927488493 @ 199606 221.83245515823364 1
-6.323856042549707 9.544955373192284 = 20.881167857612166 @ 7010 16.019120454788208 1
5.474580366362757 0.8374930122696012 = 54.106624923309425 @ 72654 102.78338599205017 1
4.863745131638874 -7.081200095954796 = 186.64362765702447 @ 94302 124.95281958580017 1
5.48555397125981 -1.4247834016919732 = 186.71465009727632 @ 170458 196.08087491989136 1
-1.4236811637799427 -7.082317380443216 = 186.7229013362408 @ 152752 179.87326073646545 1
0.6913537894468252 -7.024902475379598 = 35.83698779621974 @ 49176 76.91468787193298 1
7.081711549172106 -7.00019323504138 = 49.545108357299554 @ 48434 76.10114526748657 1
-7.71128039857477 -0.7993224743757371 = 186.70821187228083 @ 105820 136.41379284858704 1
3.2668706102845446 4.850658947422546 = 46.33032790515957 @ 19126 37.41137933731079 1
4.1635028464335075 9.890544464561586 = 8.122929667393182 @ 173080 198.2885513305664 1
8.086051640984826 -7.17127188465277 = 35.99478532073761 @ 79924 110.1398069858551 1
4.889565559492079 -1.9885663735880441 = 77.91401211465788 @ 178736 203.34983849525452 1
4.863745131639028 -7.081200095955204 = 186.64362765702444 @ 198384 220.80048656463623 1
-7.086033300455133 -1.4249975821244623 = 186.71675388174756 @ 197182 219.81798195838928 1
6.527058097632123 -1.2745283263897247 = 28.662721196289002 @ 36768 62.2638201713562 1
-2.3955911029737447 -7.087665737158384 = 36.32177325265767 @ 195754 218.6379795074463 1
-7.086033136052538 -1.4250046084264563 = 186.71675988903564 @ 197866 220.38198161125183 1
-0.052772901039269786 -6.965824724047882 = 75.72109517438109 @ 194998 217.77798080444336 1
-7.08356015007737 4.858121422959088 = 186.7308927387686 @ 197066 219.7249846458435 1
-7.711280398574713 -0.7993224743755655 = 186.70821187228083 @ 105156 135.816645860672 1
4.858057839881391 -0.8003212621726791 = 186.73090882881357 @ 198988 221.31648588180542 1
5.4826250255826565 -7.708502877391502 = 186.730699033273 @ 153166 180.222229719162 1
-0.8005476712317147 -1.4251052146867447 = 186.73079413154852 @ 195986 218.82695078849792 1
-0.8003232532427527 -7.708301255169436 = 186.73090845775704 @ 196046 218.87297821044922 1
-0.7998017492261897 4.855518148934715 = 186.715303008843 @ 118402 148.14409852027893 1
5.482864099681565 4.858058797613902 = 186.73090882241786 @ 194630 217.46098065376282 1
-7.703706468104515 -7.073617521123784 = 186.46568407060542 @ 47200 74.79064869880676 1
-6.482111344496971 5.4792286357250415 = 123.53362239438137 @ 199262 221.55145525932312 1
-7.083560085632439 4.858121552683533 = 186.7308927149969 @ 199076 221.39445638656616 1
6.1745968168973615 4.317292542747073 = 45.3658642082308 @ 182912 207.11891865730286 1
4.817470670627096 5.541225552091737 = 175.69975988475994 @ 179648 204.1328706741333 1
9.552209036248799 -1.4205604551440603 = 46.394656698539684 @ 44528 71.37862157821655 1
-5.47000808535091 9.577469062384719 = 13.480854300527712 @ 74456 104.55841302871704 1
-0.7998017492260688 4.8555181489347365 = 186.71530300884297 @ 155454 182.45976996421814 1
4.211189431847868 8.049771300664949 = 15.098036641558714 @ 3702 8.40076494216919 1
-0.7887081980001817 -0.16153212570387548 = 121.25488503620907 @ 184660 208.5728850364685 1
5.483212976147135 -0.19535343867584803 = 123.57659099669276 @ 118302 148.048091173172 1
4.863745131639037 -7.081200095955227 = 186.6436276570245 @ 130964 160.01727962493896 1
-7.052889069736867 -5.440598925747527 = 53.36514086284316 @ 41342 67.83147072792053 1
5.482864099674705 4.858058797616963 = 186.73090882241786 @ 193140 216.21044254302979 1
-7.086032767975643 -1.4250203394397132 = 186.7167725037677 @ 193894 216.84640669822693 1
-7.1075463940974535 6.0945086118207605 = 122.64537538054643 @ 199752 221.94745564460754 1
-0.7998017492260219 4.855518148934744 = 186.71530300884297 @ 167776 193.49386429786682 1
-0.8005476712256865 -1.4251052146307883 = 186.7307941315485 @ 190370 213.9092662334442 1
-7.711280398574682 -0.7993224743754669 = 186.70821187228083 @ 110192 140.61934876441956 1
4.85805783963342 -0.8003212587626881 = 186.730908828817 @ 199992 222.14262986183167 1
5.483202224228285 3.798204736586209 = 51.249899672702334 @ 22464 42.774922370910645 1
-7.085678924014793 -7.7081269629440925 = 186.72039440085965 @ 186822 210.64642357826233 1
-0.8003232538490832 -7.70830125526882 = 186.73090845775707 @ 189000 212.50869226455688 1
-7.5455789185041064 6.546407352538365 = 29.365504430957003 @ 199222 221.516455411911 1
-8.72631172381459 1.3603091210759253 = 9.076111067247693 @ 500 0.008999824523925781 1
-7.085678924000868 -7.7081269629271345 = 186.7203944009787 @ 51688 80.08342385292053 1
9.611002586465796 -7.613417940725499 = 39.492248488963085 @ 6920 15.821125745773315 1
-1.425085575501926 -0.800273450017569 = 186.73089953346434 @ 144452 172.22076535224915 1
5.482864099691119 4.858058797609537 = 186.73090882241792 @ 188014 211.6754252910614 1
-7.086033234337279 -1.425000407895002 = 186.71675632538097 @ 198006 220.49694776535034 1
-1.4253853955585747 5.483120771917896 = 186.73060948503692 @ 170678 196.26887488365173 1
-0.7890198121324064 -2.462545695687811 = 49.18076000558011 @ 169318 194.84789443016052 1
-1.4236811637799407 -7.082317380443216 = 186.7229013362408 @ 166792 192.65685057640076 1
-0.05279164262181357 -6.965822291972775 = 75.72735814690483 @ 42638 69.31296586990356 1
-0.7887081980002777 -0.1615321257038696 = 121.25488503621153 @ 167036 192.85185170173645 1
8.563101309840846 4.8182529523101385 = 36.654546091720725 @ 42162 68.76999402046204 1
-1.425085575190408 -0.800273450313089 = 186.73089953346434 @ 143846 171.68961477279663 1
-7.083560127348917 4.858121467933925 = 186.73089273062956 @ 199692 221.90045523643494 1
5.482864099674835 4.858058797616865 = 186.73090882241786 @ 196932 219.61094784736633 1
-7.117523686618176 6.098507337123079 = 121.6676899038966 @ 194046 216.97840642929077 1
-0.8003232545907817 -7.7083012553904435 = 186.7309084577571 @ 187566 211.28539323806763 1
-7.085678924004702 -7.708126962931803 = 186.72039440094588 @ 184074 208.09691858291626 1
-7.110587759655482 -0.16732532698972857 = 121.04649483447562 @ 78784 109.03877568244934 1
4.340640150100404 -6.401237859881393 = 44.2091521015478 @ 56424 85.437997341156 1
6.17269005484958 4.321593215422321 = 45.262351208144715 @ 199834 222.0144557952881 1
-0.8005476712461188 -1.4251052148204488 = 186.73079413154855 @ 189844 213.22469234466553 1
5.446209628150397 2.7923151317705277 = 37.65096490044072 @ 19916 38.595378398895264 1
1.395068992339501 4.7782197292130375 = 30.7775407231147 @ 5974 13.978501796722412 1
-0.8273420343563618 -6.516269810513929 = 119.79140681203815 @ 80740 111.27135133743286 1
6.082253085925045 -7.096869701508352 = 123.25683815219507 @ 146956 174.64837312698364 1
-6.478779564792591 -0.8001550452257682 = 123.57664807638045 @ 108902 139.15097069740295 1
-1.429534515515188 2.267698791316076 = 36.91852222868767 @ 91722 122.46175956726074 1
4.863745131638916 -7.0812000959549115 = 186.6436276570245 @ 177576 202.37372875213623 1
-1.425385395558576 5.483120771917892 = 186.73060948503692 @ 170678 196.26887488365173 1
-0.8005476712422359 -1.425105214784407 = 186.73079413154855 @ 199570 221.80448842048645 1
-1.4253853955585754 5.4831207719178945 = 186.73060948503692 @ 179632 204.11887001991272 1
5.48286409969728 4.858058797606853 = 186.730908822418 @ 193888 216.84040665626526 1
-9.32585246594902 4.818411607701912 = 44.30460224546193 @ 18524 36.454378604888916 1
5.482864099657695 4.858058797624496 = 186.7309088224178 @ 192302 215.50026392936707 1
-7.110588212944174 -0.16732563880250834 = 121.04649131118833 @ 189218 212.69169330596924 1
4.858057839957638 -0.8003212629409906 = 186.73090882881263 @ 199984 222.13559937477112 1
-7.710034905123536 5.4899827464979865 = 186.6121600587373 @ 198980 221.31045532226562 1
1.8160617275315416 -0.8244997269903971 = 39.22437257700719 @ 79198 109.43480896949768 1
5.482625025580132 -7.7085028773885025 = 186.73069903327303 @ 163992 189.97575163841248 1
-6.482111344496969 5.479228635725047 = 123.53362239438134 @ 196766 219.47198104858398 1
-0.19518216781391717 5.4830417698010585 = 123.57664616033877 @ 191156 214.55826425552368 1
5.485553971259812 -1.4247834016919871 = 186.71465009727626 @ 163262 189.36171913146973 1
-7.077665909748976 -6.51140968987786 = 121.45288379550023 @ 40350 66.69744086265564 1
