2.756382499987028 1.358281318586405 = 190.06805004078333 @ 28624 647274.8758792877 1
2.4963831324217605 1.9327039241637487 = 191.37044959806303 @ 3008 58633.79645347595 1
3.0884288169593725 2.348276475528905 = 196.64475009823786 @ 31322 707133.7306499481 1
3.207438362092085 1.9206410192014423 = 198.5292529705205 @ 15626 367432.0721626282 1
3.6373706055286528 -2.2587090250252713 = 196.97460453888365 @ 5536 123421.27871513367 1
2.6106742108649295 2.088078743428092 = 195.60466461596363 @ 34844 778976.3066768646 1
3.0783428418229 0.9564957338600455 = 190.6374755113047 @ 19716 458074.72038269043 1
-3.20969759039243 3.5060840342027806 = 187.77518552963335 @ 10540 247473.70862960815 1
3.4837972252599854 -2.1251944764730135 = 198.0226639318472 @ 10164 240453.3395767212 1
-3.615862695168335 -3.0895152282165066 = 197.82314559188737 @ 19510 454781.6994190216 1
3.2617643630676496 1.742832255574338 = 197.59916404952904 @ 47738 1040281.0459136963 1
-3.2652509305824324 -3.5992905064944347 = 177.2624997784564 @ 4038 86205.57951927185 1
-3.370335059618763 -3.4484368646514962 = 188.14175622609633 @ 13578 319434.36789512634 1
3.7800418374754137 -1.6280424791626598 = 196.9179052981881 @ 35866 801953.1109333038 1
2.640002240570006 2.3269547330277023 = 195.9858790454806 @ 3372 66669.75474357605 1
3.589887436381251 -2.311405565034851 = 196.08563650072756 @ 39778 882531.1303138733 1
3.802144426137933 -1.5339282380192856 = 195.5905888495334 @ 34848 779209.3069553375 1
-3.6497445344301775 -3.1289791198069237 = 198.60829663901532 @ 6986 157149.5077610016 1
3.5488083670940487 -1.8644112352345013 = 199.92628293457827 @ 39284 874864.2733097076 1
-2.9339734253521557 3.62684589695887 = 188.10601846813117 @ 43518 956891.3404941559 1
2.719697753277765 1.4357521751539428 = 190.3783818053957 @ 48858 1060948.9266872406 1
2.3264473104351553 2.2753299492547288 = 188.77499637870017 @ 8342 193660.07375717163 1
2.9854321104690036 2.509499671779867 = 194.6094752837021 @ 26658 605336.9588851929 1
-3.8324262246331573 -3.747066710447615 = 189.7046560461917 @ 43348 954005.3391456604 1
3.403435358210222 0.8263828453419545 = 189.52319911773031 @ 46572 1017527.5046825409 1
-4.065726879079884 -2.763722078316604 = 180.59874265325425 @ 3646 72763.37742805481 1
2.6154835091255606 2.313605509061694 = 195.65609539602087 @ 36024 809526.1681079865 1
3.7317997486714307 -1.5697473463865126 = 197.51311884033768 @ 38924 864500.1344680786 1
-2.68868320995052 2.763084619603783 = 194.76503425425364 @ 43522 956909.3744754791 1
-3.7305889867461137 -3.057817870033922 = 198.07491772513544 @ 18692 436755.42974472046 1
-3.384483980881654 -3.897088725606511 = 165.08313205779 @ 36750 821049.7796535492 1
3.0250734075637316 1.7628434947222529 = 199.24036335733547 @ 3558 70961.80057525635 1
3.349778014789181 1.595480473072031 = 195.4800697235907 @ 39370 876127.9535293579 1
3.716311001975815 -1.6750716091880333 = 198.48142473580597 @ 41546 917483.2661151886 1
-3.106945673729511 2.4384545629219607 = 181.49551957053666 @ 44788 981735.9519004822 1
3.304349919766811 2.1253987222793977 = 195.1464033284357 @ 37792 841528.0973911285 1
-3.5366695802353707 -3.2742079540130895 = 196.84685077812466 @ 47120 1030285.350561142 1
3.6218821896952735 -1.6925939852330107 = 199.5555848907872 @ 42880 941730.5524349213 1
3.81368722834239 -1.139383639846483 = 190.65182042959384 @ 27114 617368.7765598297 1
-2.683988331091637 2.9430915475413544 = 198.2273008326644 @ 27412 621923.5687255859 1
3.389740541768213 -1.9339971100012519 = 197.8989346625465 @ 26074 596060.6739521027 1
2.8637138727854263 2.5478184996626814 = 194.39037312401976 @ 20092 469114.48407173157 1
3.105279966717932 1.6377624349861164 = 198.45125981978495 @ 49034 1068398.1170654297 1
2.8237460511590124 2.205748605024071 = 198.85161415359127 @ 6846 154629.9958229065 1
2.8310123230792805 2.1787616955343574 = 199.01528312519872 @ 33266 748097.1438884735 1
3.10131822940936 1.6866851370708156 = 198.7966186525014 @ 6884 155392.99654960632 1
3.4346906446223753 -1.5991341068958174 = 198.3405168046598 @ 3736 74679.3737411499 1
-2.63498939931403 2.9317326430321153 = 197.65269311840373 @ 37436 836337.6357555389 1
3.7361661873816567 -1.968391556906557 = 198.64582520474448 @ 40026 890797.6942062378 1
-3.62193339377719 -3.4680096368346622 = 196.20409044918398 @ 30532 689596.941947937 1
3.478963553335597 -2.270677162786048 = 195.96394432052986 @ 24302 557404.5641422272 1
3.531701890881749 -1.737656428658224 = 199.72844894757904 @ 23400 537097.663640976 1
-3.420187715094592 -3.311027940231624 = 192.8758903243855 @ 24326 557858.0734729767 1
-3.516144971510057 -3.556603869909835 = 190.6384008367508 @ 11016 261135.8458995819 1
4.2595241275154185 -2.028128181811173 = 171.9478458111628 @ 49904 1081144.3104743958 1
3.553189286776772 -1.1867720352891058 = 195.65281651756916 @ 42664 938402.0431041718 1
3.0353763500996456 1.723443538394501 = 199.0072613101049 @ 38494 857790.3141975403 1
-2.7035074787455073 2.891682028207528 = 197.56090314059966 @ 1858 24937.673807144165 1
-4.015769846071663 -3.3860634606934865 = 196.769012335058 @ 31200 705074.2042064667 1
3.956612640246679 -2.275823753600454 = 189.7781122296247 @ 47948 1043978.1000614166 1
2.978329627511558 1.5038545357353676 = 196.51057837094328 @ 22908 524082.91578292847 1
-3.979084063328891 -3.1614226223384456 = 196.23623870846166 @ 35886 802254.1344165802 1
2.9893696113461616 2.1214916694942385 = 199.75646198258758 @ 17284 407358.4234714508 1
3.0253724049828623 2.2413979385861578 = 198.74364779279824 @ 36566 818200.7346153259 1
-3.9419154643458825 -3.472470363017189 = 197.61740238877715 @ 14326 338026.2019634247 1
3.3557113082598944 1.1501640259495955 = 192.6202341646599 @ 38558 858582.3085308075 1
3.77630671410299 -1.8384344352650634 = 197.95336898526244 @ 42734 939625.0431537628 1
-3.9271557634220415 -3.4704433074161463 = 197.846199178483 @ 9206 217069.16737556458 1
3.4998579980010254 -1.5347423882837896 = 198.60799876430576 @ 44294 974378.2114982605 1
3.7143226870829795 -1.9787193055260375 = 198.93527410019945 @ 2298 39345.91555595398 1
3.1760345730364463 1.3814290561477685 = 196.1107940427921 @ 7848 178857.30695724487 1
-4.0664733799609305 -3.2550673316986822 = 194.57455705336727 @ 10918 254446.31814956665 1
-2.7594800638812984 3.0914390189507475 = 199.8726633686944 @ 23924 546044.2759990692 1
-2.882999551033656 3.261408128010265 = 199.1033731951162 @ 38808 862620.0070381165 1
3.343931767362503 -0.9434949059753265 = 191.76981909954483 @ 37140 831627.9516220093 1
3.1932093314098 1.0183611717925947 = 192.28238690659637 @ 2126 35668.85495185852 1
-2.764978681442348 3.4180229097240673 = 196.31766678782745 @ 10126 239865.07153511047 1
-3.118283138905541 2.9694619303142007 = 195.44173174848027 @ 30010 680842.764377594 1
-2.5231944384703757 3.1838576402808845 = 197.52187128396145 @ 43568 957438.3418560028 1
-3.2395997410240183 3.4810811406368574 = 187.61479327372174 @ 24774 565296.1568832397 1
-3.0893847194743604 3.2386169450200586 = 196.66180994251738 @ 47288 1033319.3821907043 1
-3.5118966803269123 -3.309082366625976 = 195.90479407296402 @ 30024 681063.7657642365 1
-4.302117030887973 -3.2770042139609274 = 181.77951462397164 @ 49622 1077118.2782649994 1
3.005597875327695 1.765852326104258 = 199.1921182699238 @ 48950 1062135.9102725983 1
3.4071956094215934 -2.1260721289619346 = 196.83840677624747 @ 43784 960322.8850364685 1
-3.08231170245657 2.7498302264017074 = 192.08215311507286 @ 49472 1074955.2626609802 1
3.5608744593668678 -1.409710831661962 = 197.81919526835415 @ 2726 47998.60453605652 1
3.0328633917006593 2.222882127874835 = 198.87382986811542 @ 49738 1079044.291973114 1
-2.5677304816500426 3.100732238212094 = 198.2920998622915 @ 40660 899822.3550319672 1
2.921246679071922 2.251760480394326 = 198.97055190257794 @ 27978 631420.5334186554 1
3.1318129470358693 -1.9759671270217578 = 189.9642682802555 @ 23024 530950.1073360443 1
3.580946820805867 -2.0637041577430106 = 199.23684775382588 @ 15876 372417.1395301819 1
-3.331640956603919 -2.9903943315510633 = 189.71481773749963 @ 12768 299548.61187934875 1
2.6586446407773834 2.1107818108119956 = 196.67158338752589 @ 33660 755083.2359790802 1
-3.404381797839614 -2.74873706847989 = 187.22324590243346 @ 37162 831884.9308490753 1
1.990348133096051 2.470872933625551 = 177.9363979502853 @ 39046 870977.5376319885 1
-2.8853714527752397 2.856838982025707 = 196.99516755436426 @ 43586 957610.3408336639 1
3.195371044666638 1.7206929745547959 = 198.4209993299304 @ 40850 902932.505607605 1
3.443174669375461 -1.6270785232197458 = 198.57750961920755 @ 7958 180945.38569450378 1
3.905786583289049 -2.32807016414903 = 190.87742291261776 @ 8206 190775.9280204773 1
-3.665724885250631 -3.3671684614140567 = 198.68407246496932 @ 14606 343643.29838752747 1
-2.9770460907682197 2.970072747420128 = 197.97064250807273 @ 36568 818261.7335319519 1
-3.6484729064345682 -3.149973015081393 = 198.7694355415751 @ 13812 323991.94288253784 1
3.1106885250149414 1.8753838624448727 = 199.55698550705924 @ 16406 386583.5053920746 1
-4.146066530204474 -3.463062418610354 = 191.84757330917097 @ 21508 497281.65793418884 1
-3.9674900722829882 -2.975082246390655 = 192.40256794488374 @ 33552 753043.2200431824 1
3.0062146188417826 1.2844189293109922 = 194.0453841934066 @ 45074 990623.3434677124 1
-2.7630789852076187 3.385202900992968 = 197.12142855025968 @ 6406 145761.92831993103 1
3.6888012026392243 -0.31526564640580235 = 184.43108779854373 @ 46028 1009687.7386569977 1
-2.879520085086712 3.061426044076441 = 199.61810488187407 @ 34920 780112.3328208923 1
-2.413098062037687 3.250150765770544 = 194.9640362687991 @ 16424 386961.5058898926 1
-2.4615349251759584 2.531989020674308 = 184.89145283866426 @ 22036 510642.1022415161 1
3.517215363779352 -1.6001156639256373 = 199.09656761526094 @ 25932 588844.4414138794 1
3.0170101264092923 1.3323023587211371 = 194.8052934808847 @ 48494 1055802.7970790863 1
-3.5067276454358867 -3.238768097764657 = 196.22978287664313 @ 15280 360213.16480636597 1
-2.6918672328354765 3.0126813142013473 = 199.07168161533917 @ 31972 718639.6725177765 1
-3.5518776522874207 -2.1848498880539227 = 166.28737139830207 @ 44376 975350.1799106598 1
-3.2826551656318084 -3.712915787183764 = 172.22768675476507 @ 11710 275639.61267471313 1
2.985227924495361 2.1335700261029644 = 199.70921702772853 @ 47068 1029528.3808708191 1
2.9788524119032807 2.430527099929386 = 196.34934800841026 @ 17086 403470.0367450714 1
2.8627216542252216 2.160400806930096 = 199.303761305122 @ 14086 333813.60125541687 1
3.2314797765279097 -1.8430649176071388 = 194.09899315915715 @ 5150 114234.65919494629 1
-2.869235381469955 3.182201121555457 = 199.76187760991508 @ 22122 512313.1351470947 1
2.7642984908201558 1.8988803692707699 = 197.47221825827054 @ 39670 881162.5850200653 1
3.4959986713268156 -1.5523217448048845 = 198.69340270654584 @ 9942 231286.25583648682 1
2.9384203725909956 0.4611977995290357 = 181.55907764915318 @ 2626 45973.52886199951 1
2.679039768017798 2.708992678851955 = 189.6531544808413 @ 16266 384433.47930908203 1
2.99315688674933 2.1760966956549463 = 199.45096156832741 @ 4492 95262.58206367493 1
2.799209270918956 2.323828422871565 = 197.8548621443593 @ 48938 1062027.910232544 1
2.90920643018368 2.1071251376031133 = 199.69369320475332 @ 39284 874864.2733097076 1
2.9200291078031935 1.9409435112502798 = 199.6186710988811 @ 13892 325596.4517593384 1
-3.715517197790761 -3.6969770121724554 = 190.48947509444926 @ 43640 958402.3776054382 1
2.829101017786389 1.9832160909818082 = 198.9173626136346 @ 35962 803668.1299209595 1
-2.1524601558825855 3.567519086964837 = 179.38467009582345 @ 30898 695427.9334545135 1
3.3141255280022315 -1.1479538837053511 = 193.036093888859 @ 19174 449154.7350883484 1
3.596283769695202 -1.0618744055755036 = 194.0598838144637 @ 42480 935466.0429954529 1
3.845755481610626 -1.7140969639775774 = 195.6446044986761 @ 23278 535222.6412296295 1
3.563271584664056 -2.13748859711545 = 198.52416928230227 @ 5882 130633.18395614624 1
3.842230738852546 -1.9289355727781512 = 196.3201770356499 @ 45334 994764.3790245056 1
2.869770841542622 0.6306715214574501 = 181.51571112661247 @ 43536 957066.3411617279 1
-2.3924502316266834 2.990054804250714 = 194.56929861172304 @ 5938 131446.20752334595 1
-3.7487037973436554 -3.178374038414056 = 199.56607995334133 @ 41400 915469.2666530609 1
3.2291220016940554 0.23963951492332614 = 186.09930575266696 @ 20348 473272.0603942871 1
3.1946976442183486 1.6220956216245248 = 197.93557359600842 @ 34394 771393.1760787964 1
3.5934600973471706 -1.651249368962942 = 199.46922493203786 @ 1000 15.999078750610352 1
3.9031859586763984 -2.118321265348589 = 193.58685168603014 @ 7974 181309.3557357788 1
-3.756937730982335 -3.364804309338821 = 199.61819690251852 @ 17064 403263.0355358124 1
3.3944154734079364 1.4071916215415148 = 193.63608902349048 @ 37272 833699.5303630829 1
3.5293240943717454 -1.536079739622065 = 198.758986956373 @ 22620 520082.8399658203 1
-3.192396890147482 3.3673501143363356 = 192.138002578904 @ 24766 565163.1870269775 1
2.711961576002439 2.3392764274497457 = 196.89212311068974 @ 21010 489349.3046760559 1
3.5427519451826166 -0.47510139513116545 = 188.39948069091972 @ 16200 383336.416721344 1
2.876756049336989 1.674963754143445 = 197.16250698979462 @ 30574 690320.0702667236 1
-2.8484195897754914 3.356038090773695 = 197.7785253051488 @ 37268 833643.5029506683 1
2.9795074912093384 2.3017019981413527 = 198.33630282488394 @ 35726 798715.5344486237 1
-3.9132239445665205 -3.259150714040056 = 198.8039491819617 @ 44634 979396.7847824097 1
-4.124864944108672 -3.369999008376083 = 192.9527201806422 @ 7548 172678.02166938782 1
-4.2252452737496515 -2.9713124331296443 = 179.1914081341022 @ 17854 416949.0444660187 1
3.507886175296151 -1.933470125635528 = 199.5447479013466 @ 21910 504000.56409835815 1
3.485071709247225 -0.42201188531393496 = 188.34177671545189 @ 3250 63897.67789840698 1
-3.716039793804598 -3.3703583504057804 = 199.2710191094699 @ 7742 176437.79611587524 1
-3.26138928131631 2.907729774899202 = 190.26264962420353 @ 39638 880757.5571537018 1
-2.424069664324631 2.8535310698086955 = 193.20342420305423 @ 37200 832501.9612312317 1
-4.159682963888275 -3.4257201170607554 = 191.38984464880966 @ 2638 46250.52833557129 1
-2.8829995510415674 3.2614081280097826 = 199.10337319508113 @ 49836 1080189.3093585968 1
2.9033045132030653 1.9156005635730393 = 199.3882095038605 @ 18190 427945.1992511749 1
3.5803558473940886 -1.7841255619355598 = 199.94283616424977 @ 35210 789972.9902744293 1
3.0535622429022298 1.8049489496086168 = 199.50914371029052 @ 31516 710966.2561416626 1
3.3228378545382213 -1.7915259633284442 = 196.71789214826867 @ 34734 776962.7895355225 1
3.7837615247439547 -2.404627586942496 = 192.58351577063942 @ 29754 670943.8173770905 1
2.709977478486027 2.121363273889633 = 197.6006553263346 @ 21376 495399.1334438324 1
3.631635870687896 -1.649387384063111 = 199.2893011055499 @ 6702 151838.48214149475 1
2.762547112737167 1.8511218606706523 = 197.04067114667367 @ 26022 595311.6750717163 1
2.530540696329786 2.393655598689649 = 193.56015452296512 @ 18250 428998.7449645996 1
-3.382421274284633 -3.1629141258429843 = 192.44676821573356 @ 16234 383889.4352912903 1
2.800118820221228 2.021564607150012 = 198.69267479076555 @ 24908 568096.7674255371 1
-3.063279290266734 2.5723341867689875 = 187.2085284820055 @ 23556 540028.5005569458 1
-3.0240345325335096 3.4361659885820854 = 194.32078445954224 @ 9948 231397.25422859192 1
2.7993937300560896 1.6563993718047916 = 195.6062692475875 @ 23320 536063.1556510925 1
2.5529435535313834 1.8487433201609256 = 192.0041731765923 @ 42262 932629.4116973877 1
3.52991513425327 -1.4787611641573388 = 198.352671262652 @ 8378 194468.07265281677 1
2.997440132323962 1.87977546183548 = 199.76165399743275 @ 35840 801364.0882968903 1
3.167727443533508 -1.3955648003694825 = 190.87337312767187 @ 22758 522032.8691005707 1
3.1195407512126265 1.9133669424634911 = 199.53592794287434 @ 19426 453216.12787246704 1
2.7888768727181574 2.104520620882788 = 198.70339587754873 @ 19086 447837.6612663269 1
-3.784235846813486 -3.230133580129256 = 199.869013325405 @ 48588 1056971.8115329742 1
2.9595800894199877 2.337433300127152 = 197.96525283984528 @ 46592 1017821.5353488922 1
2.997440132323964 1.8797754618354847 = 199.76165399743275 @ 12726 298502.03919410706 1
2.837271749202971 2.3836722226916365 = 197.37153619603333 @ 43176 951241.7793273926 1
3.2605900263513172 -1.9361129919299451 = 194.68843290130613 @ 18820 438526.94058418274 1
-3.9274406034964358 -4.01604816160426 = 172.78042569292057 @ 6926 156132.99465179443 1
-3.3585167816653683 2.812494241284061 = 184.44410901155592 @ 42976 943116.583108902 1
3.4801187572142984 -1.6903014937600722 = 199.22541862094388 @ 20164 470095.9930419922 1
3.51545747530559 -1.4922465069572062 = 198.40017898584645 @ 25588 583732.8746318817 1
3.2268203250189718 2.36171791728558 = 193.5962789726475 @ 41916 922852.8544902802 1
-3.1405204965058977 2.014049543218821 = 162.21443767579115 @ 7680 175221.6489315033 1
3.5282701090876882 -1.688777618018357 = 199.55825540091507 @ 25094 575648.7152576447 1
3.6789118086961503 -1.4571807599643918 = 197.4051006863353 @ 1782 23310.12463569641 1
3.7637538501272436 -2.225573070316525 = 196.1680460124195 @ 21224 492837.5897407532 1
3.591975101139721 -1.3987929952166378 = 197.6399248438185 @ 19686 457708.7197303772 1
-3.842538074561756 -3.1461011667886205 = 198.72460005260237 @ 19068 447622.65968322754 1
-2.5101129002000997 3.514351497814272 = 190.5270738281789 @ 32590 733528.475522995 1
-3.827688735957993 -3.352367833850325 = 199.74203952594112 @ 34562 774566.7216777802 1
3.7589905074483836 -1.8810964839617128 = 198.35170106953044 @ 20138 469828.99355888367 1
3.6354377483049447 -1.4863778398604568 = 198.13246973826708 @ 41448 916164.2668247223 1
3.2838801301307874 0.9639724128514893 = 191.67404992480618 @ 25886 588248.925447464 1
3.4695290625976134 1.6949412499508574 = 192.10054681847558 @ 40572 898554.233789444 1
-2.517893520587272 3.4204654243057657 = 193.7032557637952 @ 29542 667677.6883602142 1
3.542123788312395 -1.8820962486664072 = 199.88034466914502 @ 38328 855128.0286312103 1
-2.966521451944656 3.144699184725934 = 199.10108295796334 @ 45494 997181.7240715027 1
-2.5299939738461346 3.449400720221843 = 193.06893857685606 @ 26462 602723.4525680542 1
2.8918428331158745 1.9819486034710834 = 199.5381733098789 @ 14400 339829.23412323 1
-3.758667010713671 -3.315313789736897 = 199.910634481585 @ 40310 894862.2188568115 1
-3.6101947054353363 -2.814771964020383 = 192.16829184661918 @ 10502 246794.7084903717 1
3.7165952993492066 -1.5398274321973222 = 197.54646901713278 @ 20336 473047.05905914307 1
2.921777288808108 2.4901003955494168 = 195.4947920377674 @ 39664 881104.5877933502 1
-2.912304048719784 3.0769335887026825 = 199.490302741663 @ 36578 818351.7334461212 1
3.405918991796126 -1.8332299617300738 = 198.4253929796324 @ 37320 834433.518409729 1
-2.9907444006157506 3.0094366937552293 = 198.21748370862414 @ 22976 525202.9495239258 1
3.4067595294699666 2.034647910807487 = 192.72820449503254 @ 31410 708993.7460422516 1
3.0902846392229373 1.6711319344733107 = 198.70339928222265 @ 5790 128806.57601356506 1
-4.551065709490943 -3.5273024560472552 = 160.95353447186562 @ 37152 831771.9306945801 1
2.7564891594026486 1.9260090221420947 = 197.536980780271 @ 6394 145495.4433441162 1
2.734529098463103 2.390207209217914 = 196.62264881030632 @ 21564 498415.67730903625 1
3.049447019856116 1.7343281518256721 = 199.11027505205817 @ 19004 446637.63880729675 1
3.583438838863363 1.9592068639749394 = 185.38014480446913 @ 39010 870480.5686473846 1
-3.1652983308821057 3.454199018592221 = 190.7632890191379 @ 33488 751708.203792572 1
-2.2862584914721484 3.4585439808698464 = 187.48613224483003 @ 1000 15.999078750610352 1
-3.595104177660478 -2.8933124933415484 = 194.11643782969335 @ 1000 15.999078750610352 1
-2.859269581424703 3.1562363292078772 = 199.87948421378147 @ 42526 936104.0437221527 1
-3.4261514181366843 -2.8015486352755916 = 189.10050025084595 @ 26056 595732.7060699463 1
-3.633832858188456 -3.6165727662343095 = 192.02496181102538 @ 47968 1044336.6067409515 1
3.431473033176131 -0.9766532241259991 = 193.12281118064567 @ 26634 604991.450548172 1
-3.8794670671471185 -3.49470800303407 = 197.91308924778787 @ 24760 565135.1869106293 1
3.605904983336144 -2.0677594040412193 = 199.21864575037407 @ 40832 902522.5374698639 1
-3.1063655167096176 3.363678453321759 = 194.48790063809722 @ 33846 757987.2748851776 1
3.4468676537330745 -1.4292620980707196 = 197.4181617400554 @ 38174 852886.4741325378 1
3.754588115982171 -2.177310507728084 = 196.91846658689616 @ 17670 413865.0255203247 1
2.952246612916038 1.9634332229011178 = 199.8599561728477 @ 36406 815287.4388694763 1
3.0540015681067594 2.176781016913692 = 199.1184180966846 @ 30210 684174.8533248901 1
3.60674689085932 -1.4067849523258977 = 197.63780312090324 @ 17440 410035.71915626526 1
-2.6098090421488975 2.9520289125402535 = 197.6685343358349 @ 15120 357455.1124572754 1
2.3916692384362332 2.3048198305988263 = 190.65336527752362 @ 6774 153232.48195648193 1
3.592251608517568 -2.1398636702015694 = 198.57262733996964 @ 2318 39838.884592056274 1
-2.723601281158342 3.053264323545642 = 199.5594987598657 @ 29176 661612.4000549316 1
3.0056225079687713 2.422720205910195 = 196.27526081222481 @ 15668 368528.5792350769 1
3.677898608001991 -1.2053885216128828 = 194.75982254430133 @ 18550 433786.3783836365 1
-3.1167206659743854 3.041082001708199 = 196.16550737387485 @ 30428 687836.3983631134 1
3.568378643296092 -1.924107560591498 = 199.89039511111568 @ 29960 674920.4926490784 1
-2.3604195670198562 2.913357265503426 = 192.9127363736444 @ 7026 162631.4344406128 1
3.30965488930976 2.2746829274809874 = 192.83202165743148 @ 24554 561578.1052112579 1
-4.0305083716195504 -3.1316818940802675 = 194.03797909318652 @ 12386 292255.06687164307 1
3.17131758882339 2.0308403136644952 = 198.72865096788388 @ 35434 793442.9883956909 1
-3.0055748675188956 3.1900916874455265 = 198.47359296140792 @ 47844 1042505.5272579193 1
3.2795567912932135 -1.3061288195685958 = 193.5374355082328 @ 6848 154729.99596595764 1
-4.00442866025239 -3.137684197614923 = 195.05435838769725 @ 46160 1011181.8203926086 1
-2.631836588777851 2.653269103560212 = 191.26466330300303 @ 15436 363023.35000038147 1
-2.8192783052013097 2.459998672384497 = 185.45447620051996 @ 1000 15.999078750610352 1
-3.627903787817386 -3.2914459488277967 = 198.6813245249246 @ 41092 911131.1945915222 1
-4.473460831552733 -4.026242549801223 = 152.7029373725553 @ 36230 812856.3551902771 1
3.1435571702586427 1.017519112726891 = 192.0313017308431 @ 26198 598219.2986011505 1
-4.124550401479695 -3.406347492150134 = 192.98190413892314 @ 39668 881159.5878601074 1
2.7785104409726307 2.2388170334741058 = 198.29080460600332 @ 28816 650622.962474823 1
-3.3958538947849632 -2.9699837479975026 = 191.574591595603 @ 32440 731237.4711036682 1
-4.595284581220312 -3.6690474083227755 = 154.94425855094596 @ 6906 155671.02599143982 1
-3.3964607608243185 -3.73387703297443 = 177.2035375662068 @ 17280 407235.42404174805 1
3.4989067204739817 -1.7789029613936247 = 199.5988111298855 @ 29772 671322.7849006653 1
-2.8839868749939415 2.2611054013247305 = 177.0561704209702 @ 9730 227227.8609275818 1
2.570900407872945 2.457691034027877 = 193.66857101426046 @ 43816 960834.8851203918 1
2.6725893340457745 1.7969504939569285 = 194.54866125921214 @ 35770 799593.5325622559 1
-3.0561803443332085 2.917568354771524 = 196.0340628861342 @ 35190 789705.5106163025 1
3.0405298853611913 1.3387753510256524 = 195.13006677605426 @ 38928 864523.134469986 1
-2.4402053900033525 3.155199198922207 = 196.1618458995696 @ 28992 653451.4951705933 1
-3.19781729129378 3.0000484498274345 = 193.61048063294848 @ 16118 381795.41850090027 1
2.846890480250029 1.6994444068504588 = 196.96991314453857 @ 32936 738623.0945587158 1
3.3531927561484505 -1.592229248001284 = 196.9463286627353 @ 23446 537872.6985454559 1
-2.5639701985739323 3.5820815127902956 = 188.61220960425814 @ 49360 1073111.2475395203 1
-1.9263108780969247 2.740512878181131 = 177.30352260460623 @ 28248 640816.7645931244 1
3.5116033506017934 -2.031586091808304 = 199.10142952528275 @ 8512 197237.22577095032 1
3.6558153119985817 -1.451270424076791 = 197.63248344737073 @ 42004 928987.3650074005 1
3.241111221450886 -1.2166876136805245 = 191.87761166688477 @ 25692 585236.3822460175 1
-2.5596619237388105 2.5651215112260166 = 187.5749870513931 @ 19436 453488.12913894653 1
2.8759112039677515 2.1662267746340134 = 199.35999961801676 @ 27990 631885.0393295288 1
2.9430892870653773 1.4994621855073444 = 196.02571761077022 @ 27346 620791.9623851776 1
-3.7744390947210733 -3.377065616824118 = 199.58585630296682 @ 24092 553783.5791110992 1
-2.6596051667762444 3.140637424081014 = 199.34080415967867 @ 19478 454210.69955825806 1
3.5930817458119044 -1.8786090160101245 = 199.98405376852256 @ 45284 993906.4140319824 1
3.01399972926872 2.0286654907226143 = 199.97049670075438 @ 4744 101025.17318725586 1
3.551564100884664 -2.205500312639848 = 197.6451854236461 @ 27472 622727.5693416595 1
-3.7018787044969796 -3.2398566872683237 = 199.67064674282997 @ 3854 77730.90434074402 1
3.4032780748743283 -2.016597402789979 = 197.72194913418738 @ 15586 366513.07463645935 1
3.2958107113053323 1.3455504984828142 = 194.95489645711052 @ 1682 20711.058378219604 1
2.676612776733707 2.2932330755268904 = 196.74544219440918 @ 34418 771982.7027320862 1
3.6641282702273488 1.294950917466935 = 183.40355061986975 @ 13306 314760.74838638306 1
2.885177682875981 1.9068294399550234 = 199.17948933957402 @ 46726 1019989.52293396 1
3.564286091634549 -1.5409805029894104 = 198.84746214825407 @ 41236 912702.7053833008 1
3.0079188906251377 2.195940434628187 = 199.25167806520773 @ 44504 977489.2284870148 1
-3.3603965762236094 -2.973994921641518 = 190.51082499522045 @ 1660 19960.055828094482 1
3.594993242696317 -0.583704164680563 = 188.81375906027415 @ 45694 1000427.8123378754 1
3.343956321525342 -1.8278221531606065 = 197.1921196558301 @ 31948 718440.6745433807 1
-2.6052574326118885 2.9426887210941555 = 197.49262542998434 @ 1000 15.999078750610352 1
3.2448204402113094 2.1594694094699145 = 196.3248473537136 @ 29198 661967.9715633392 1
-2.96446853119018 2.561163951491988 = 188.28463633166453 @ 23298 535663.6414527893 1
2.6146786072756822 2.1069556736474415 = 195.76789769803278 @ 32696 735050.5232810974 1
-2.970524840045151 2.717160395295334 = 193.011637508383 @ 12302 290737.00881004333 1
3.2559987413177147 -1.0566428162286055 = 190.97884612111022 @ 34786 777921.2653636932 1
-2.837931872645163 3.322030821108135 = 198.42360736681823 @ 39916 884644.654750824 1
-2.7713634938940714 2.8233259076588206 = 196.51306765834258 @ 39070 871446.685552597 1
-2.95273381930169 2.5785325220725785 = 188.99590960790218 @ 33204 747267.1484947205 1
3.1029126122289172 2.242534839765212 = 197.96091170849965 @ 40544 898080.2180767059 1
-2.329158554894521 3.2321896208763836 = 193.26146310421785 @ 40100 892055.6783676147 1
-4.063253148585326 -3.365171810855803 = 195.33141194592875 @ 1892 25722.24450111389 1
-2.5467511565713132 2.7900012636276634 = 193.9207122426153 @ 32170 726964.8559093475 1
2.7934090089954315 2.647675465428492 = 191.8382481943676 @ 22526 518618.2744503021 1
3.705048192508762 -1.8544261028377165 = 199.21722783187957 @ 42876 941691.58411026 1
-2.4261184209966022 3.0764719294337723 = 195.84719856785637 @ 48162 1051496.7510700226 1
3.2148780871463853 1.798308284382109 = 198.41078068679118 @ 8044 187208.71829986572 1
3.655815325202286 -1.4512704211140628 = 197.63248327693543 @ 49292 1071910.7401371002 1
2.9679964075201135 2.1127917106550704 = 199.80735903852388 @ 45190 992451.3618946075 1
3.059096258921881 1.948411137168082 = 199.88516084231523 @ 49894 1081060.308933258 1
2.7821343517850643 2.5856940358303393 = 193.45491028602396 @ 32128 726074.3451118469 1
-4.032973823335223 -3.404380723883677 = 196.22848598127837 @ 13434 316980.3478717804 1
3.0253047283140386 1.377058529232926 = 195.4588876997902 @ 32052 724830.3294181824 1
-3.268737430723612 3.0218886213108305 = 191.38207697961198 @ 42536 936239.0432357788 1
-3.0777654003768795 3.2797627725817593 = 196.4679374810172 @ 39464 877778.4926891327 1
-3.528981702413047 -2.8596791881306576 = 192.4950361567534 @ 45928 1003546.4551448822 1
-2.6506685568774806 3.3180219939486237 = 197.72395256354076 @ 29480 666504.5945644379 1
3.902289914096277 -1.9868565721029496 = 194.25556294185228 @ 11804 277164.2038822174 1
2.9874984181046016 1.526946160418424 = 196.87424865893644 @ 17646 413460.0260257721 1
2.977882218006176 1.9607756487648893 = 199.93910973637202 @ 29422 665763.5636329651 1
3.581370936164669 -1.5246318394068363 = 198.71193242489534 @ 36842 822350.7478237152 1
3.1733663879917673 -1.8985957978462031 = 191.9512143701897 @ 3904 78427.90126800537 1
-2.318371974787463 3.3334276308971855 = 191.53183417747016 @ 38904 864345.1607227325 1
-4.110857491203852 -3.3150510034192786 = 193.30772361056077 @ 8880 205447.89505004883 1
-3.0659510767227163 3.0369210306852725 = 197.22434391855728 @ 45864 1002632.4529647827 1
3.484979615191102 -1.6757429694944217 = 199.2186839798176 @ 25352 579726.2508869171 1
2.70098225892202 2.3722512914554077 = 196.45952664626506 @ 29718 670278.8174152374 1
2.530005050680466 2.2276130111772687 = 194.13384606295492 @ 13352 315507.19690322876 1
-3.880792578053579 -3.344605775331499 = 199.3940339517483 @ 27424 622177.5670051575 1
-3.65677339176539 -2.7316522657306104 = 189.66358224185348 @ 11848 277644.1731452942 1
-2.9005467443541963 3.1412526574192743 = 199.691519760333 @ 9952 231484.2517375946 1
-2.5383020543830908 2.4710132733504935 = 183.86722617703464 @ 35694 798403.5334587097 1
-3.66014587286827 -2.6531163069113903 = 186.82172603451917 @ 10668 250127.23183631897 1
3.504660409006117 -1.6635846176303848 = 199.32515427847554 @ 16870 394462.100982666 1
-2.873206896922121 3.788227570363001 = 178.86335386096405 @ 43256 952516.2889957428 1
3.4237792483231537 -1.3093603401626552 = 196.18903300675618 @ 1000 15.999078750610352 1
3.1835016650502066 1.8344041724836937 = 198.85705450932466 @ 36786 821521.7490196228 1
3.175293495974233 -1.2110793340360466 = 189.90896963507845 @ 28818 650656.9621562958 1
3.78047309298442 -2.522694537207032 = 189.52057093467502 @ 43456 955739.3546104431 1
-2.8642184299593962 3.0504855572827334 = 199.62315710079818 @ 30836 694296.4234352112 1
3.064629011045915 2.045114647701168 = 199.74790389699515 @ 35306 791502.5033950806 1
3.312200592569515 -1.6399567127057715 = 196.21680557656916 @ 14202 335648.15044403076 1
-3.7063195314717676 -3.1933487845354525 = 199.5326460165931 @ 16284 384701.47800445557 1
-2.877603340675058 3.22887154687722 = 199.44012483229656 @ 46018 1009591.7448997498 1
3.001888873067772 1.454899724445315 = 196.17551368570693 @ 15888 372551.1722564697 1
-3.67196303975207 -2.7783748475395553 = 191.1951136558692 @ 32730 735556.0765266418 1
3.3741682122112486 -1.5292283459100435 = 197.0336450880144 @ 10756 251611.65809631348 1
3.377876904247395 -0.1285646500275015 = 186.92045493145045 @ 33226 747533.1454277039 1
2.8662509552047855 2.200132033418047 = 199.15877944885557 @ 26248 599011.3010406494 1
3.5288456595997513 -2.115906663586699 = 198.54837725409223 @ 5836 129929.18157577515 1
3.2758266830132565 -1.0471487090075537 = 191.3632993158961 @ 47394 1034890.3832435608 1
2.737108997657079 1.7511280093849408 = 195.48110462614133 @ 15858 371887.13932037354 1
-2.8577241793896273 3.414334263171102 = 196.42269450727946 @ 45774 1001586.8427753448 1
-2.5649610668578755 3.439557970852246 = 193.90388700110555 @ 26320 600027.4147987366 1
2.845089777288833 1.9943505171247584 = 199.13837411638846 @ 34006 765270.434141159 1
2.8777974223431935 2.1037647390802543 = 199.53018131140854 @ 35978 803916.1310195923 1
3.2449292493698163 1.8317768526117408 = 197.98701452822075 @ 3890 78305.87148666382 1
2.967928717537724 1.9917838841217992 = 199.95594586582092 @ 31154 704553.0207157135 1
3.0598284477282065 1.8870114100691582 = 199.79380541489127 @ 39038 870851.5391349792 1
3.6836612840465066 -1.7647115459999667 = 199.31168283726683 @ 17154 404484.5757484436 1
3.0436828521506243 1.3130559812872733 = 194.838400924158 @ 1718 21812.60323524475 1
3.5884675109124435 -2.020822883828346 = 199.5275005237696 @ 34238 768869.0354824066 1
3.1997188131921748 1.8907379378594231 = 198.67469683100506 @ 20294 472202.0471096039 1
3.499848380631073 -1.9511817645887157 = 199.4126310421557 @ 28604 646924.8750209808 1
-3.9916173237052095 -2.9905563494030796 = 192.0317957889218 @ 20700 478444.7293281555 1
3.2286104285739117 1.9801902649087386 = 198.0060302519151 @ 25530 582829.36835289 1
-3.025679085740171 3.1412060740134002 = 198.2954161511185 @ 2346 40289.25848007202 1
-3.666121044933771 -3.1931385380359845 = 199.21256212126892 @ 40038 891034.663438797 1
3.5381742718203455 -1.4380690590147323 = 198.05087097434972 @ 1000 15.999078750610352 1
3.2736999170798615 2.37165536941247 = 192.03294542257578 @ 25276 578536.7407798767 1
-3.3759487182840076 2.4688445875456058 = 173.4618998855712 @ 46210 1011865.8349514008 1
3.7509397720154825 -1.8684212231750525 = 198.49875782618406 @ 42380 933998.4667301178 1
-2.330234573026993 3.1960751811709462 = 193.5818216667806 @ 23200 533745.0177669525 1
3.0458639326980474 1.8722132753642589 = 199.77609037671982 @ 5712 127259.52315330505 1
-2.8906664405012386 3.386920406788025 = 196.9499592226805 @ 21570 498495.707988739 1
4.331334732764437 -2.003117951289859 = 165.04716386301598 @ 41548 917498.2662200928 1
-2.845670545619575 3.3320354812019835 = 198.23568547755792 @ 44382 975420.1812744141 1
-3.900764514756025 -3.247582036791975 = 198.9369381571202 @ 10396 244351.3720035553 1
2.811481875890495 1.7691983832790164 = 197.12041181182346 @ 18554 433848.3781814575 1
-2.8997365978458345 2.9814461798163725 = 198.82641818381182 @ 21998 505261.57903671265 1
-2.9346583181855666 3.5103729030849515 = 193.03695776548167 @ 5470 121749.67408180237 1
3.4400404349090263 -1.8822835411302856 = 198.90055830667941 @ 43620 958086.3420963287 1
-3.2694484856178003 -3.037247191795307 = 187.70006224919246 @ 20226 471103.5659313202 1
-2.9945071764865254 3.355671209597655 = 196.64753521396386 @ 47882 1043037.1000766754 1
2.949971480947585 1.877115830497576 = 199.5459705955706 @ 14708 345538.192987442 1
2.807988420245386 1.6000988708833952 = 195.04203627136093 @ 34572 774711.7376327515 1
-4.004605881550978 -3.3116495518106053 = 197.02220789482774 @ 32512 732143.9819335938 1
3.164867707209979 1.5263747135479444 = 197.43944326366386 @ 27048 616546.7138290405 1
3.121688593843575 2.073927296590235 = 199.15064374143446 @ 15256 359662.1434688568 1
3.54537456823798 -2.195498419871067 = 197.74352208537803 @ 21430 496053.13634872437 1
-3.205834013678176 3.7072836430758933 = 178.5735533867872 @ 13126 311452.60763168335 1
-2.682245248237588 2.857117878224043 = 196.79272301786156 @ 17998 419626.25193595886 1
3.529991287177816 -1.7518105583512718 = 199.7543991042908 @ 16580 389556.0758113861 1
3.7385156498745107 -1.7728725322747145 = 198.5372623929707 @ 23570 540140.2585506439 1
-3.4024701006508975 -3.810602191496068 = 172.58281399161737 @ 9226 217482.16772079468 1
2.4814963298964443 2.5983348224219878 = 189.97960166184512 @ 5804 129057.5749874115 1
3.388643642012918 0.7311945796968031 = 189.05981081045587 @ 40068 891562.6780986786 1
2.776632280554503 2.01487965455338 = 198.34649530251988 @ 7834 178383.79740715027 1
-2.8164719148987727 3.055785964171273 = 199.77076297785746 @ 43158 950990.7796382904 1
3.5267543773389765 1.9044426076445702 = 188.80449105216772 @ 29266 663134.5431804657 1
3.4092556156342932 -1.7472357395052696 = 198.44679868509903 @ 46348 1013988.3427619934 1
-2.5707673789389047 3.0459315706071393 = 198.10448470379092 @ 16024 380017.8442001343 1
2.8628217922432895 2.5038765570978248 = 195.3634145164792 @ 1652 19855.08632659912 1
2.7563389061610595 2.668357271115619 = 191.1868173362387 @ 19826 459622.0791339874 1
3.101486724949919 2.0571607256414697 = 199.43135569878444 @ 28328 642098.2949733734 1
2.370966915742828 2.430542987622161 = 189.67487787402428 @ 33208 747331.1438560486 1
-2.8143420991681323 3.2624788124366044 = 199.278563575906 @ 29722 670300.8165359497 1
3.4174333630940845 1.7402791072385435 = 193.8408997799908 @ 29684 669802.8154373169 1
3.385540239817297 -1.8100013614730637 = 198.0680921240701 @ 7866 179076.30586624146 1
3.728084635630179 -1.4210465679607038 = 196.24792987764965 @ 48534 1056296.8266010284 1
-2.9623304078103097 3.121579299145646 = 199.14786967331008 @ 49954 1081707.8161239624 1
-4.005966163659656 -3.8286718766102616 = 185.17114068188442 @ 2240 38236.91391944885 1
3.1705894607545337 -0.9168023791514832 = 187.59146222231996 @ 16896 395064.1176700592 1
2.8382978338649845 2.333348603703916 = 197.9814144079493 @ 15554 365748.0719089508 1
-2.5575354865366093 2.490784012583813 = 184.87991092211706 @ 7948 180782.35697746277 1
3.6767396752472346 1.7856263989736503 = 181.45706005251733 @ 49814 1079959.2928886414 1
2.852938139456314 1.903301506286847 = 198.80819818067897 @ 39268 874629.273891449 1
-3.830867335110147 -3.459248540116707 = 198.66378055782997 @ 20494 475568.66240501404 1
-3.002046489098941 3.151548092423673 = 198.64062610360904 @ 12920 302430.7918548584 1
2.727639721621093 1.4888836054498362 = 191.48511996594902 @ 31190 704917.1853065491 1
-2.840099661546031 3.1129322637872505 = 199.94549800446134 @ 8136 189239.77255821228 1
2.9845235828937984 2.0199113835874547 = 199.9905448907882 @ 3846 77487.29968070984 1
3.279438349978722 2.0140220158471775 = 196.7588562627101 @ 40338 895328.1857967377 1
-3.6950367531003647 -3.4539436068058897 = 197.83450576086622 @ 19596 456108.2122325897 1
3.5113246946674375 -1.2219164928587418 = 196.0060460969407 @ 46194 1011668.8661575317 1
-3.5515097704074208 -3.1358371916772265 = 197.16606782451387 @ 20604 477221.72951698303 1
2.868422403485921 1.5921756259767248 = 196.05866773242485 @ 1000 15.999078750610352 1
3.479867943723948 -1.6247693647814079 = 198.95962617929268 @ 19202 449640.73634147644 1
-2.5657276292398032 2.821145159310394 = 194.87109058142326 @ 1000 15.999078750610352 1
3.0224990994005076 1.7765118399321347 = 199.31738515929368 @ 33698 755519.7756290436 1
3.5597011685478632 -1.8742245253827303 = 199.95364710553193 @ 5468 121733.6745262146 1
-2.6961356741846654 3.06385439312918 = 199.45967468508792 @ 14426 340373.20280075073 1
-3.080244124332392 3.009924165610596 = 196.71488551962054 @ 47418 1035282.4003696442 1
3.370565131948645 1.7147857199769314 = 195.2176754448546 @ 44410 975958.1828117371 1
3.237727829301638 1.742120370690928 = 197.9704214486672 @ 47374 1034693.3822631836 1
-2.9992354579444624 -3.0440183341649556 = 173.97402312647844 @ 9846 229297.09458351135 1
-2.9225212445299125 2.8080135074587322 = 195.72636060817163 @ 39394 876723.5240936279 1
3.0360157428172005 1.6321230828914048 = 198.2869420427565 @ 32550 732679.9473762512 1
3.1377327516770643 1.4259183921317384 = 196.58107558703372 @ 35356 792361.989736557 1
3.350886169227331 1.9558226893449369 = 195.1979834504733 @ 32978 739444.6039199829 1
3.5346105877681047 -1.5086397355785055 = 198.58510814075962 @ 31364 707886.745929718 1
-2.917863501695937 3.152569292126144 = 199.55534826611657 @ 42440 934780.4679870605 1
3.458926838142266 1.8080933824235228 = 192.24061462473298 @ 46470 1015865.4818534851 1
3.432879088846282 -1.431905822267064 = 197.28049034045756 @ 35442 793605.9918403625 1
2.9648200734762926 1.3252336863007823 = 194.02392076818498 @ 22092 511665.1029586792 1
3.4797675151368685 -1.9609722716650257 = 199.16802979187477 @ 46010 1009429.741859436 1
-2.25371544550397 2.873450715561578 = 189.7198634647719 @ 21676 500127.8257369995 1
3.304117886790764 -1.2515506824918794 = 193.68471190170897 @ 9426 221403.24020385742 1
3.014162918415513 1.6236464257992425 = 198.09377140285207 @ 20918 482542.59729385376 1
3.191408172455465 2.0235704167838824 = 198.4572129369263 @ 2608 45604.5241355896 1
3.0615528084418413 1.2801767336720937 = 194.5916509730631 @ 13330 315147.19581604004 1
-2.989364675281699 3.0200962205849082 = 198.33121415481108 @ 25310 579015.7816410065 1
3.0120005113744006 2.077729071859066 = 199.86932337355066 @ 24852 566806.2863349915 1
3.0572612435754722 1.6093833521277183 = 198.16849252010746 @ 1314 11778.2621383667 1
3.166683774343996 -1.2269218122383974 = 189.74475539946937 @ 47292 1033383.3818435669 1
-1.767961448789595 3.494404244964072 = 168.9628477856562 @ 28014 637162.175655365 1
3.2026543645381924 -0.5977206965401531 = 186.3683343855952 @ 48168 1051517.7512168884 1
3.0807842647988988 1.6643812241261635 = 198.6554667065453 @ 37662 839947.9968547821 1
-3.52980893439314 -3.235524451538024 = 196.84217442980741 @ 22414 516874.6678829193 1
-4.256345379736915 -3.241444677813577 = 184.42255926430244 @ 46846 1021669.075012207 1
3.3338280827372024 2.0309878943194133 = 195.1868269209214 @ 26304 599797.4147796631 1
3.0319848040694377 2.3860286179394774 = 196.68877483489692 @ 44018 969430.1490783691 1
-4.028261132957728 -3.2572087066371687 = 195.94492696621506 @ 14106 334091.66526794434 1
2.817880390050452 2.1142585915334386 = 199.02349735478808 @ 10380 244165.40384292603 1
-2.8503279598501967 2.9276322011702662 = 198.360693336427 @ 13844 324601.4533042908 1
3.591409216434014 -1.687347772500361 = 199.6403086671395 @ 12384 292176.0663986206 1
3.2786889511842743 2.0848272532197334 = 196.2432712257564 @ 29410 665507.5626373291 1
-2.5193511800053114 3.129025272663714 = 197.60421436491345 @ 25842 587433.9265823364 1
3.2886830634679014 1.7994789202971158 = 197.16813766607316 @ 40458 897075.2172470093 1
-2.7762499215432035 -3.3240956030511892 = 154.6000546994484 @ 27326 620472.9619026184 1
-3.5690623286461536 -3.3467703980849097 = 197.01333669001914 @ 15664 368475.5811691284 1
3.5006907577941737 1.1236360582546763 = 189.33981554858002 @ 8902 206277.91738510132 1
-4.012853860139942 -3.3546468134518808 = 196.88528945630725 @ 14346 338635.20097732544 1
3.0605514803816782 1.4937673895799637 = 197.0629761691778 @ 38694 860893.4071063995 1
3.0726380283779626 2.014570195636928 = 199.77516524840613 @ 5532 123357.28192329407 1
3.5985286154801663 1.654198542390744 = 186.57166236827317 @ 12678 297758.30721855164 1
2.7088774955025454 2.4366673899430924 = 195.78854407507455 @ 47092 1029781.3513278961 1
2.9683512407779293 2.062690513212471 = 199.934325103864 @ 38752 861906.9769382477 1
-3.27011817264224 3.8727792617098853 = 164.92358854261315 @ 5748 127872.53212928772 1
3.4860553350588575 1.2772816736741228 = 190.55197159444515 @ 41694 919314.7938251495 1
3.1033041905310874 1.7459351655709248 = 199.13850580855532 @ 38340 855325.029373169 1
3.635457895375403 -2.3537369665797554 = 195.24822570272372 @ 49258 1071393.6593532562 1
2.8665992666255615 2.2330137425321595 = 198.97042235362207 @ 28036 637505.2082538605 1
3.4157040304856876 -1.473095051813499 = 197.35005807670456 @ 10530 247213.70768547058 1
-4.040651354877832 -2.3590253077461067 = 161.20918387496081 @ 25292 578731.7416667938 1
3.158630692692156 1.687994504279588 = 198.57370063992894 @ 48816 1060229.896068573 1
-3.1502814271677413 3.2693376317727485 = 194.89831906032464 @ 5776 128498.57783317566 1
3.0811519860085648 0.3834475421897934 = 184.51215178794288 @ 49370 1073304.2469024658 1
3.1276535752514274 2.120699716568394 = 198.79409052807617 @ 42298 933045.3808307648 1
-3.8278116498853576 -3.9519304948599316 = 176.96657306235517 @ 24858 566890.2566432953 1
-2.8174056265529446 -2.9911629116662413 = 162.59897907694034 @ 41684 919190.7930374146 1
3.6545986163894604 -1.9598050739316655 = 199.5975020400316 @ 7764 176960.82544326782 1
3.02341839491839 1.711294332013175 = 198.87978465001885 @ 44300 974407.2127342224 1
2.574363320012931 2.8936568824507463 = 182.2289168803052 @ 35900 802484.1310977936 1
-2.3911415922155093 3.006322614126553 = 194.6945548847804 @ 28966 653117.5003051758 1
3.736079815660692 -0.8606436292430328 = 189.23326721109908 @ 7420 170728.70874404907 1
3.8754850090012942 -2.1469165708759617 = 194.28942521033457 @ 39542 879286.5571975708 1
3.0895273939298424 1.2473007420953537 = 194.4122600559928 @ 10552 247684.70740318298 1
3.3304001774509198 2.0108089126746345 = 195.44033144201572 @ 14008 332726.6044616699 1
2.8768704229080955 2.1478547163590234 = 199.42825096615047 @ 32260 728584.9492549896 1
3.164200782974327 1.3081794395938477 = 195.3840236066242 @ 49658 1077653.2785892487 1
-2.678762126926606 2.768318746496832 = 194.82412008999103 @ 42870 941582.5517177582 1
-2.7142570750981 3.4604908963170122 = 194.8593605240316 @ 30138 683141.8542861938 1
-2.9361128610170177 3.1030929059599344 = 199.38183445133197 @ 23066 531459.1200351715 1
3.4423598492309795 0.648391872205173 = 187.913096922169 @ 25522 582679.3701648712 1
-2.6992094071332624 3.484565916078526 = 193.97903549057642 @ 48240 1052722.7821350098 1
3.1870328939983263 1.3434267894126115 = 195.71664113210602 @ 26382 601638.9746665955 1
3.4320103761213345 -1.8937021373644418 = 198.75643131048898 @ 4342 92447.0899105072 1
-3.8842053850819402 -3.4632016239378465 = 198.3796877431128 @ 41458 916283.2984924316 1
-4.075515998458727 -3.601602821727191 = 192.37210301863573 @ 34412 771896.7022895813 1
3.643594903081353 -2.1902735570982146 = 197.91651490253582 @ 45518 997660.7501506805 1
3.6424716306214098 -1.0721432904038004 = 193.69545627384994 @ 7364 169618.0980205536 1
-2.01633450925115 2.6509770084938817 = 177.69757871392383 @ 42644 937872.0722198486 1
-2.4911062403296063 3.3933058908638407 = 193.94274121474933 @ 33772 756855.2565574646 1
-2.8360819893689277 3.046153899485575 = 199.68170642417599 @ 7756 176795.79758644104 1
-3.7811278874507277 -2.741812295053048 = 189.0408056959515 @ 18050 425551.6617298126 1
3.2518667234427143 1.9681754385015515 = 197.6039585445604 @ 27872 629823.9023685455 1
3.6411211827242393 -2.465843891777985 = 192.55010065453888 @ 19092 447916.6624546051 1
3.40613592667842 -1.113004951247639 = 194.1922097035714 @ 1000 15.999078750610352 1
2.9314844699812763 1.718847728418162 = 198.28610369394445 @ 35328 791931.9341182709 1
2.876931389142599 1.633935170628483 = 196.70120680645488 @ 45880 1002795.4556941986 1
3.5536639592458004 -1.6775669900780752 = 199.5980383571602 @ 14374 339410.20131111145 1
-3.684392255922227 -2.8395490701682347 = 193.0583861887032 @ 38852 863444.9770450592 1
2.9263829502384895 2.3132214649415417 = 198.35316518798504 @ 42706 939103.043794632 1
3.6210962960150925 -2.1941765353585487 = 197.93262227249926 @ 12932 302741.36233329773 1
2.7735668271693026 2.36318440422034 = 197.26386743396458 @ 44318 974585.1798057556 1
-3.849181850297637 -2.890620136357655 = 192.92577254322708 @ 24148 554611.5460395813 1
3.7222017643047303 -1.862388004271544 = 198.97878327178304 @ 18396 431313.3444786072 1
3.2010065569533332 0.08216276411523094 = 185.16812487805663 @ 27654 626163.5675430298 1
-2.840099661546254 3.1129322637872043 = 199.94549800446072 @ 49958 1081726.816892624 1
3.5459590259054057 -1.7689068520336972 = 199.8563120423101 @ 15464 363540.367603302 1
-3.73015244120106 -2.8145404140591537 = 192.10234556916527 @ 22290 514728.63125801086 1
-3.5994836510160306 -3.463703925439358 = 195.77394434679383 @ 40452 896966.2170410156 1
3.138647192314124 1.5805951626990657 = 197.9556693687424 @ 19492 454529.6995639801 1
-2.9184333163752134 3.3618119197911587 = 197.31359848493614 @ 35246 790694.504737854 1
-2.4969088321455137 2.4160170469192783 = 181.0862624319278 @ 43382 954588.3083343506 1
3.2457683513470865 -1.7220690550415632 = 194.59471909421075 @ 9834 229008.09574127197 1
-2.177835625354507 2.8907427968475847 = 187.9933305958638 @ 44084 970537.6574993134 1
3.0346607733538984 2.3434584932740306 = 197.3645306586368 @ 19676 457573.7204551697 1
-2.407830327954922 2.608683838793622 = 186.49935837049154 @ 33922 759054.811000824 1
2.8550766824585083 2.4548605401763712 = 196.30528898143993 @ 41900 922611.8540763855 1
3.1907386009512138 1.7780791270502156 = 198.6610161042152 @ 45636 999707.8461647034 1
-3.9335401413571134 -2.9583020558487414 = 192.94540725987727 @ 11224 265884.925365448 1
3.2368962684104985 -1.0700884082547526 = 190.60965396763004 @ 36226 812768.3546543121 1
3.188103764641081 -2.5966564942226134 = 179.62773714242863 @ 4724 100503.17311286926 1
-3.9408272757880627 -3.106047038832711 = 196.29939481023064 @ 32966 739320.0945854187 1
2.6660041183476464 2.5838642930462297 = 192.80103185733742 @ 45232 993085.4122638702 1
2.8879505918986434 2.161266174155494 = 199.43901679850907 @ 7360 169599.0993976593 1
2.848630208080686 1.8129842497651654 = 198.10283873340762 @ 6048 138730.21149635315 1
-3.889447224723831 -3.349850455958454 = 199.28453718336303 @ 22010 510228.13296318054 1
-2.7923292117556247 3.1479951607529713 = 199.98316905785921 @ 4470 94957.58056640625 1
-2.7944005294998906 2.8848230580693808 = 197.73869374568986 @ 25556 583346.3673591614 1
3.0590962589611466 1.9484111375342412 = 199.88516084236753 @ 38094 851790.3883457184 1
-2.5260793900189724 3.624153422408731 = 185.98982074896497 @ 42072 929930.3650856018 1
-3.647525095388676 -3.6194659676145817 = 192.25345277000918 @ 37644 839683.9928627014 1
-2.6451431136004344 3.1651031195870853 = 199.15863248563213 @ 24474 560568.58086586 1
-3.744159749793234 -3.360574261075008 = 199.5814139607513 @ 27426 622187.5371932983 1
-2.537453029393689 2.6145185902277186 = 188.91048793714467 @ 33820 757548.2556819916 1
-2.771251163715976 3.152300891451151 = 199.94434799528878 @ 49380 1073479.2470932007 1
3.294045562480556 1.24844288274624 = 194.18071569903918 @ 21860 503019.5972919464 1
3.31738793465721 2.3595073506613007 = 190.8568542899979 @ 21334 494976.6221046448 1
-3.3855313120292543 2.8513155025774273 = 183.9356970649195 @ 33342 749479.6566963196 1
-3.379408394635341 -3.0321635869964103 = 191.7735416138129 @ 30956 696519.9687480927 1
-3.943062975462975 -2.9441403380453997 = 192.25236712602873 @ 2452 42434.68952178955 1
-3.6699610582607782 -3.0209595007651915 = 197.3117050220467 @ 40008 890555.6950569153 1
-2.652748612508909 3.411083890419708 = 195.76419508636323 @ 29490 666711.5619182587 1
3.388028048022899 1.9137526569435759 = 194.2734593812556 @ 27724 627267.9045200348 1
-3.772767770796216 -3.510268028187111 = 197.52348893843381 @ 14000 327568.67718696594 1
3.547154066195708 -1.212945164226643 = 195.93679750750724 @ 32790 736263.6141777039 1
3.0378675124683636 1.9676077445540323 = 199.95326937547267 @ 22674 520803.3471107483 1
-3.3256072045574867 -2.404496399885669 = 173.85378285221262 @ 1000 15.999078750610352 1
-2.962330241895887 3.1215792292764672 = 199.14787144420578 @ 36812 822021.7785835266 1
-3.0084478744004683 3.3942286921818567 = 195.62483777767912 @ 30152 683280.8542251587 1
3.2135295630119343 1.9758879221635097 = 198.28923197194757 @ 31174 704778.1858444214 1
3.1110492895466595 2.181625858524059 = 198.50212277724262 @ 33306 748796.6561317444 1
-2.734619991559207 3.0234827905492554 = 199.39977384180634 @ 46628 1018384.0129375458 1
2.8145203162960035 2.1342002731386787 = 198.97193902747162 @ 33738 756388.7462615967 1
3.6510596532543778 -2.442921241002731 = 193.12854007437733 @ 27774 628005.9022903442 1
-2.563602903888416 3.393204384702295 = 195.12591277859988 @ 49100 1069618.1344985962 1
2.9355403186615847 1.9440972927043547 = 199.7265188320214 @ 32748 735853.0766963959 1
3.120596546881589 1.8508791304334595 = 199.4472784864068 @ 4574 97258.15200805664 1
-2.417936464030169 2.7639476212561074 = 191.12647253360984 @ 20450 474882.661819458 1
-3.899335982220196 -3.112354564395757 = 197.3361543657789 @ 44392 975498.1799125671 1
-3.3476765996021287 -3.342762661347297 = 189.48369437640028 @ 10334 243244.3552017212 1
2.86971923734232 2.3783508915893807 = 197.52121865003733 @ 9418 221220.2398777008 1
2.84069774585194 1.5574100414902294 = 195.10881887756344 @ 35032 787235.392332077 1
3.6836395908854427 -2.1716300695070943 = 197.88301059906058 @ 16244 384127.4573802948 1
2.5431002445823068 2.3640701477859016 = 194.01603903624053 @ 48076 1050388.7343406677 1
-2.89672596517374 3.5925088781124837 = 189.97621566120014 @ 2090 34876.23596191406 1
3.8170906413457333 -1.9425566900442086 = 197.0020106214128 @ 41108 911242.2261238098 1
-2.7326281522893425 2.868588486021281 = 197.29739886909073 @ 29844 672872.8075027466 1
-3.0859826640303827 3.66314050737072 = 184.11319850890868 @ 1000 15.999078750610352 1
-2.426883466703918 2.696262566648096 = 189.51985740711618 @ 17408 409231.7883968353 1
3.4108984613074895 0.7338607296941916 = 188.82247726239623 @ 41342 914375.363111496 1
2.759725449872347 2.149868342128239 = 198.3314639064039 @ 15364 361776.5748500824 1
3.3958121863092665 -1.4638777281237798 = 196.99549610578066 @ 1882 25504.241228103638 1
3.8233720817560712 -1.4001291600200472 = 193.60097315326766 @ 18532 433450.8697986603 1
3.1592299261129786 1.676394579991655 = 198.5063113180042 @ 49614 1077078.2783031464 1
3.019691718783581 2.1976528782145164 = 199.17859406688294 @ 27918 630503.408908844 1
2.461898340908477 2.080715424385263 = 191.7863198399515 @ 40240 893926.6800880432 1
2.9577135189305848 2.3605310955444425 = 197.64785498036088 @ 19124 448390.6600475311 1
3.4633550722642186 2.187201093428623 = 188.3191715215701 @ 47756 1040666.0199165344 1
3.1944212368589957 2.2337132066555334 = 196.530430688669 @ 39810 882897.1288204193 1
2.9514552316026412 2.1801111053392477 = 199.4920680006795 @ 25028 574632.3804855347 1
2.8372912951118017 1.5121763452827734 = 194.41380734061406 @ 42914 942379.5824050903 1
-2.664337060115132 3.507929485188604 = 192.86914571773139 @ 4134 87798.55275154114 1
3.1743713210439894 1.605729596982717 = 197.97872054666243 @ 46354 1014030.3437709808 1
3.054373258292785 1.1927841866460829 = 193.4065098576853 @ 35810 800387.07447052 1
3.692014481122868 -1.411618509751949 = 196.7831163907983 @ 49110 1069677.165031433 1
-2.4204041531447276 3.151110672982523 = 195.77860110036437 @ 25612 584040.8744812012 1
3.534954397486758 -1.5623988737196592 = 198.94709366136888 @ 47894 1043251.1007785797 1
-3.3131268375534475 -3.215317943110927 = 189.51143053416627 @ 41406 915554.2676448822 1
3.342141844732744 -0.8304419852901797 = 190.75334500087897 @ 1000 15.999078750610352 1
-3.463172528035491 3.1613773675986643 = 182.51662755870328 @ 1594 18874.582529067993 1
-3.4662893194672133 -3.5269513870241367 = 189.79780144634938 @ 1636 19599.058389663696 1
2.7105404684666214 1.0981760924733077 = 183.96524635608742 @ 47490 1036404.4320583344 1
-1.6799340022282379 3.231136899851615 = 172.43161185940005 @ 38584 859090.856552124 1
2.8051895893359524 2.3667448243612723 = 197.43732716781858 @ 13692 321802.60467529297 1
-2.8826742618843326 2.8998698789240454 = 197.78504110846777 @ 25312 579087.7389907837 1
-2.907103729861647 3.314975573792937 = 198.24225917685885 @ 29420 665754.5621395111 1
2.8915928802077286 -1.5427776026484938 = 179.52849487710813 @ 32778 736140.5847072601 1
2.8069850177244273 2.2735369613175487 = 198.3295970363283 @ 3080 60050.39882659912 1
-1.596860957111572 3.0121927316813903 = 170.20287157879616 @ 42034 929382.3971748352 1
3.5789443448639426 -0.933565220482137 = 192.73387989439613 @ 40438 896654.2024612427 1
2.959501378428542 1.399807048519508 = 194.96108009397713 @ 6578 149300.06337165833 1
3.428556554737166 -1.6355052584798793 = 198.42087999319614 @ 16196 383310.4178905487 1
3.3182702047313617 1.5553787463268784 = 195.9527433637703 @ 12900 301936.7907047272 1
3.3571537451699136 2.265500783618731 = 191.34974521972475 @ 9470 222042.23942756653 1
-3.526383651750284 -3.3036807506864525 = 196.35897436714308 @ 36304 813875.9195804596 1
-3.9486805165286687 -3.6743653525536075 = 192.64366946435476 @ 12088 286836.98296546936 1
-2.6190002109739328 3.009221143969736 = 198.40181173717 @ 44484 977233.1972122192 1
3.6192392995347182 -2.0090431636055164 = 199.5622549539248 @ 2018 33042.17338562012 1
3.541852198490293 -1.8197582377413601 = 199.90285261599126 @ 49490 1075188.2634162903 1
-3.589988209387979 -2.4816283839100226 = 180.00935354816804 @ 8418 195146.61598205566 1
-3.6309118939338223 -2.9583471518914566 = 195.8686503689889 @ 39980 885459.6707820892 1
3.252560145970042 1.5623240813147974 = 196.98988265243267 @ 4558 96524.15919303894 1
-3.5257286437927493 -3.4960679447171277 = 192.8555105498721 @ 41322 914003.3612251282 1
-3.3761156968737414 -3.534076701204177 = 185.698778172076 @ 5224 116255.15794754028 1
-2.7421277174465266 3.1266994107011237 = 199.87349411406575 @ 24780 565391.1576271057 1
3.017171599911319 1.5946851242228384 = 197.8357554203678 @ 39082 871637.6538276672 1
3.522546867798027 -2.053631421338741 = 199.0360700329575 @ 11206 265485.6045246124 1
2.915166378323897 2.1807744726782192 = 199.44677398867142 @ 3666 73270.34425735474 1
3.041860784313827 1.2840849505484613 = 194.45292773867155 @ 13724 322413.6245250702 1
-3.8348547059963063 -2.9768390611568813 = 195.57431360981354 @ 43406 955059.3433380127 1
-3.7199359856294967 -3.2185712126523485 = 199.72497751770553 @ 43140 950686.7797374725 1
-3.990941642493744 -2.55417286317342 = 174.41140824860793 @ 49300 1072006.7393779755 1
3.05152231566114 2.2469122102541084 = 198.47755260961458 @ 31398 708814.7466182709 1
3.5939620589541583 -1.862577996076007 = 199.9930965486034 @ 47048 1029281.3503742218 1
-3.05017417666818 -3.4167148397996137 = 171.21905682001318 @ 2992 53369.44079399109 1
3.7050481925087597 -1.8544261028377171 = 199.2172278318796 @ 25486 582060.3673458099 1
3.153848540528536 2.115428373119735 = 198.47625727322682 @ 11112 263234.0347766876 1
3.502913826965557 -1.83222400637879 = 199.6647481342447 @ 28872 651526.9627571106 1
3.2941894461454306 -1.7771773376574922 = 195.9927729322 @ 41188 912144.7331905365 1
-2.586779368110084 3.0000335169251993 = 197.94365166640796 @ 25652 584646.8751430511 1
-4.223999585376015 -3.789341837057325 = 180.85129787879848 @ 47798 1041495.0194358826 1
-3.182699256022758 3.1055022348599732 = 194.71439012362325 @ 14778 346680.72748184204 1
-3.176317094821444 2.937822391239418 = 193.5034085215719 @ 10438 245372.19262123108 1
-3.2745268890149006 3.0612130051525126 = 191.43447967017062 @ 8388 194672.04403877258 1
2.5885000285820396 2.5883754087901467 = 191.83567797623436 @ 13600 319754.8449039459 1
-3.4874943005905843 -3.211399354673809 = 195.77207048089875 @ 49332 1072665.773153305 1
-2.3796072134755213 3.3115619882166802 = 193.3776515305245 @ 27864 629543.9021587372 1
3.499822082263028 -1.2437816608795986 = 196.1850432435474 @ 34030 765586.4353179932 1
-3.029591067109559 2.7274137162644974 = 192.467188519947 @ 49096 1069546.1344718933 1
3.3346093328082866 -1.9945723539042666 = 196.38662736662434 @ 43604 957887.3715400696 1
3.4112077826977236 -1.2524302031364198 = 195.53917936771694 @ 24692 563846.6515541077 1
3.443412207350265 1.5672872872245192 = 192.91196984840485 @ 12082 286757.004737854 1
-2.7953820257284243 3.0179011272767697 = 199.49892761991939 @ 26276 599538.2988452911 1
-3.0786533582972844 2.185669421453015 = 171.45347236046172 @ 30326 685999.3989467621 1
-2.8746157652073476 3.2480915812483264 = 199.28208270875885 @ 32888 737954.0956020355 1
2.8989778456103554 1.8436782442047601 = 198.94149586370324 @ 1000 15.999078750610352 1
3.486288455566715 -2.005930194784793 = 199.01442264042328 @ 16442 387478.045463562 1
-3.9113650613310336 -3.4647442136575886 = 198.10954983239617 @ 1000 15.999078750610352 1
3.4762996927891363 -1.893041377077608 = 199.3429301775235 @ 26240 598910.2709293365 1
2.8974276146065887 1.7821695866180898 = 198.4647945244748 @ 22480 517887.2745037079 1
3.1955149513342076 0.10437921148325868 = 185.14040138125307 @ 47518 1036895.3988552094 1
-3.0275661787077555 2.8670822694360116 = 195.66570226051223 @ 22230 513935.63055992126 1
-2.6148822114181614 3.247770525458427 = 198.292735561172 @ 22278 514594.6319103241 1
3.569512867420512 -1.273441156346003 = 196.5091106594504 @ 39956 885104.67004776 1
3.046940708795124 1.749782382081919 = 199.20441606025642 @ 47782 1040971.0202217102 1
3.268664293283941 -1.5441718007842167 = 194.72632287199184 @ 24124 554249.5458126068 1
-2.8321319510449445 3.197214329416912 = 199.80025792699738 @ 35510 794938.5011196136 1
3.227991500406419 0.5144446286404709 = 187.69415253110049 @ 2976 53151.44062042236 1
-2.3405639489681054 3.054745297807494 = 193.9137537605445 @ 29908 673974.8239517212 1
-2.318928544132519 2.8060558238496713 = 189.9792805469201 @ 36278 813463.3543491364 1
-3.938867394020531 -3.320284489487022 = 198.56613122275016 @ 19396 452881.12807273865 1
-3.824635289820688 -3.187865522004857 = 199.3679858648555 @ 21356 495218.6222076416 1
-3.011133731212908 2.9657879578084474 = 197.45670379377043 @ 32400 730401.9601345062 1
-3.9758892489969795 -3.22354277155683 = 197.14863192633007 @ 17194 405470.6811904907 1
3.620463250574363 -2.553050931426209 = 189.95132572051776 @ 1474 16233.885049819946 1
-3.2438101079953556 -3.157411802893141 = 186.71060774189272 @ 35850 801470.1292514801 1
2.3872197022895594 2.0835204337182547 = 189.57282011200633 @ 44900 983638.9243602753 1
-3.456519129409954 2.8542391254378066 = 180.2112411447617 @ 27442 622333.5359096527 1
-2.766464204942415 3.1215743559597344 = 199.9488348213332 @ 8726 202499.3748664856 1
2.6789462059078435 2.3101359191119384 = 196.678900152431 @ 37946 844183.5832595825 1
-2.126937263493038 3.1612614364984433 = 188.26053517556446 @ 33924 759111.8109226227 1
3.878557198644809 -1.5528591512429215 = 193.29397166489935 @ 23672 542041.4202213287 1
-2.862000142225977 3.3418953079781097 = 198.00964890836167 @ 1000 15.999078750610352 1
2.647277404737641 2.342996938128247 = 195.98847598632733 @ 42742 939738.0435466766 1
-2.4977801588393254 2.8901382805021587 = 195.18877142925942 @ 22430 517093.6677455902 1
2.382811696838661 2.3595407250377924 = 190.31963623807522 @ 40950 904481.5762042999 1
-2.9924823147980675 2.980926282510757 = 197.89965799399195 @ 22740 521810.39214134216 1
-2.731366943235118 3.413476703782499 = 196.29593191776698 @ 12514 294683.1724643707 1
2.5382815258957283 2.0695239588748207 = 193.77986610353628 @ 22622 520117.8412437439 1
-2.3435910480438356 3.5876531284499005 = 183.8694642230446 @ 44320 974592.1800136566 1
3.6418363912563034 -2.0793497531571363 = 199.0340311279269 @ 39760 882299.1290092468 1
2.861121520229547 2.094914522231267 = 199.42054536192572 @ 20896 482087.4345302582 1
-2.4345059107771556 2.9953612675015315 = 195.46892846988317 @ 32426 730831.4406871796 1
3.0328387436616984 2.222844613873067 = 198.87436024417394 @ 44244 973423.1798648834 1
-3.1762248575093244 3.527435472863497 = 188.02001456618953 @ 21176 492265.58923721313 1
3.551728022492532 -1.8852011144202798 = 199.91569319333627 @ 22398 516543.6682701111 1
-3.487047496561648 -3.0475219384327366 = 194.99619588613717 @ 5400 120084.19275283813 1
2.7513615315932283 1.7212233550384837 = 195.42617951207762 @ 33228 747573.1446743011 1
-2.4301907021755556 2.430112160674848 = 180.47894757433951 @ 7176 165932.97028541565 1
3.3941020888698565 -0.9223050105875914 = 192.24668337865074 @ 16270 384460.47925949097 1
-2.63853954223905 3.4327656834810014 = 195.03107266786293 @ 41940 923116.8553829193 1
3.7370805862074263 -1.9139332795124024 = 198.73345976560165 @ 17418 409346.78864479065 1
2.5586081565095355 2.1542737601330635 = 194.6736452658208 @ 16154 382595.4463481903 1
3.3369502020829858 -1.4084349928459354 = 195.55871372672294 @ 30188 683762.8543376923 1
-3.7552312470222713 -2.939058080367388 = 195.49112359833833 @ 1388 13471.260786056519 1
-2.6349970290963816 3.422860191059671 = 195.2676758033135 @ 19742 458634.73749160767 1
2.2399797524240803 2.0660760285278745 = 184.42027113986785 @ 37738 840877.0987987518 1
-2.840093864510589 3.153275662860883 = 199.9412397363768 @ 42894 941892.5800323486 1
-2.838184678050262 3.287408336843752 = 198.94384936042613 @ 3860 77832.87048339844 1
-2.655312549273546 2.9976301348681265 = 198.64603018135375 @ 42836 941126.5785694122 1
2.883865118180372 1.9744528969716435 = 199.4501241156416 @ 14824 347494.726896286 1
3.3889172436734794 -0.6657746041497784 = 189.93210626751818 @ 42922 942559.5848560333 1
-3.0605326507297503 -3.1279280788956743 = 177.25572498254547 @ 19512 454805.7007789612 1
-2.4699528025404076 3.1981771686146714 = 196.53092141891864 @ 26696 606042.9847240448 1
3.2064792310751766 1.8739101541958103 = 198.58549287305394 @ 8018 186746.71816825867 1
3.262881993425678 -1.673732173587695 = 195.01431304945328 @ 44232 973220.1669216156 1
2.847048297727321 2.0952310287937936 = 199.3052746169429 @ 32272 728690.9193992615 1
-2.8297128385846877 2.982351694347061 = 199.1251227421716 @ 27798 628326.9340991974 1
2.550761669881987 2.321673218012281 = 194.3973234353526 @ 32068 725182.3456287384 1
3.566260548758645 -1.7994303300193732 = 199.95507025665736 @ 6824 154160.47883033752 1
-2.8558764696220655 3.03734561017757 = 199.5651913247775 @ 35572 796050.5166053772 1
-2.834698444641842 2.7341853531323164 = 194.38241664573187 @ 26778 607533.0040454865 1
-3.783042300588527 -2.8930602295667938 = 194.00123375942334 @ 24036 552666.5298938751 1
3.2926606778453764 1.697706954060067 = 196.9496497449215 @ 33884 758531.2788486481 1
-2.711442534635817 3.384714086633954 = 196.88614796955184 @ 19094 447938.6610984802 1
-2.302561714807719 3.220908245515158 = 192.71446262719888 @ 45394 995351.5799045563 1
2.852182049231369 1.9047086616936701 = 198.8074310084154 @ 49812 1079949.2921829224 1
-2.90960362156736 3.101867217956605 = 199.5948041409829 @ 37592 838663.8195514679 1
-4.066211871439311 -3.213871489043261 = 194.0731115294222 @ 26802 607805.971622467 1
3.562948702256583 -2.2061856107463695 = 197.69280121358003 @ 2160 36520.34068107605 1
2.9491174150541877 2.1302831276862797 = 199.73288333519196 @ 3994 80171.89955711365 1
3.7928369863835503 -1.1414114262668331 = 191.33703981992056 @ 26940 610220.0405597687 1
-3.3892684056741595 -2.7095381429282757 = 185.7726466279596 @ 31874 717250.6725788116 1
2.6679849751259264 2.783276474545652 = 187.13354132971202 @ 27078 616907.744884491 1
-2.6680188376494094 3.3721013228460675 = 196.83996000383198 @ 32602 733659.4750881195 1
-3.9769474584271878 -3.3538871499175644 = 197.7881283202303 @ 27886 629984.9033355713 1
3.2718422341318396 1.6540610682937138 = 197.16854483574028 @ 16488 388377.0456314087 1
3.0560652913439834 1.6219048599109285 = 198.27360038026086 @ 16280 384608.4797382355 1
2.967101325718364 1.9768231360215118 = 199.93618339262264 @ 41698 919330.8234214783 1
3.416534548378105 -1.7058065656912769 = 198.47885059135885 @ 49194 1070789.64138031 1
3.2559242968467768 2.222958525224613 = 195.23908656764624 @ 36284 813550.3542423248 1
-3.6349608763156978 -3.429874048404761 = 197.2442623072017 @ 30258 684715.3613567352 1
-3.525004609508774 -3.1082625515929827 = 196.4228478231517 @ 30018 680989.7651672363 1
-2.707279091518501 2.72837504322262 = 193.98984215468727 @ 19616 456563.21239471436 1
-2.2945311161773514 2.935226648946512 = 191.69955035196483 @ 26636 604995.4519271851 1
3.3868062850531038 0.6593813906085351 = 188.6211761636278 @ 21026 489690.8197402954 1
-2.9484102238608276 3.225508413558769 = 198.94864154575487 @ 42382 934027.4670124054 1
3.4855536320356726 -2.257135767670337 = 196.27514050552034 @ 23968 546812.2708797455 1
-2.5728355750904397 3.3559595547261556 = 196.09543581388618 @ 14528 342429.25119400024 1
-1.633353330027145 2.891026023662435 = 170.31829266741298 @ 48444 1055258.7821483612 1
3.430846667101943 -2.2515286969165196 = 195.55648811788072 @ 6868 155148.99396896362 1
3.6599438023028057 -1.2036667769692024 = 195.00347751206783 @ 21346 495095.6254005432 1
2.691152380067816 1.966629551412168 = 196.59739929945752 @ 35700 798450.5324363708 1
-3.1935232290177145 3.056757190741047 = 194.1913164202031 @ 49242 1071251.1496543884 1
-2.4796899522836338 3.4773715865157877 = 191.28801158638538 @ 11370 269043.7035560608 1
-3.9352094670279376 -3.6149924343172986 = 194.6920441676925 @ 46878 1022196.0754394531 1
3.7221656395093747 -2.338100898305146 = 194.9421123575168 @ 23312 535914.1535758972 1
-3.494701883110662 -3.225041583304481 = 195.94265218963656 @ 14048 333170.6030368805 1
-2.664971011461849 3.2590932217559363 = 198.67657960131385 @ 39174 873232.7327728271 1
-3.213921806163448 -2.8171294882187508 = 182.64706714754274 @ 15186 358594.14410591125 1
3.187818495041283 -0.9635496406399926 = 188.43905696605594 @ 9000 208332.42678642273 1
3.3134267286840378 -2.323471971862591 = 191.5717293420983 @ 30630 691226.0708808899 1
-1.5093208320337173 3.153707218148439 = 166.9309940863874 @ 20184 470413.53607177734 1
3.2376155434704934 1.7419020539397465 = 197.97146633138948 @ 45932 1003681.4839839935 1
-2.7712511606033052 3.1523008873560285 = 199.9443479956487 @ 10286 242484.35711860657 1
2.313070229133011 2.187752953127728 = 188.0050132171049 @ 47496 1036510.3988647461 1
3.25896955843154 -0.8745167396278175 = 189.57033189961692 @ 42126 930662.8739833832 1
-3.148858463816712 2.538065482126291 = 184.14524330710924 @ 4378 93195.396900177 1
3.4816898196833828 -1.6068170361415017 = 198.8881743445559 @ 20680 478137.72988319397 1
-3.481604487834832 -3.7211409777395232 = 181.91708197796024 @ 25862 587859.9257469177 1
-2.117933589926678 2.9804811941138114 = 187.45665173762197 @ 10166 240465.33966064453 1
-3.1669222535169905 2.797477701266968 = 191.1820585734458 @ 7370 169713.09900283813 1
-4.764180330709932 4.311932577087789 = -102.92872009897968 @ 38238 853970.5135822296 1
2.732252087085208 2.13780337205824 = 197.95692528585244 @ 18636 435749.41182136536 1
3.1147579809003156 1.5632316790486522 = 197.85173928898595 @ 16852 394256.9901943207 1
-3.4651788157779264 -1.4410673041424293 = 129.44499168443267 @ 46068 1010185.8212947845 1
3.24739815053555 1.8503277824112958 = 197.94323234928075 @ 35536 795414.0088558197 1
-4.00386034163142 -3.3314727996376687 = 197.10295857778547 @ 39926 884743.6535358429 1
3.2513883572953812 -1.1161659196500544 = 191.35015412042677 @ 6814 154000.47993659973 1
-4.317920910509643 -3.212568423256079 = 179.36384832906992 @ 9784 228137.61949539185 1
4.311350151307635 -2.160918436593687 = 166.62556767664094 @ 21238 493099.62034225464 1
-3.28257670882133 3.205735892855554 = 191.11333224654473 @ 15814 371098.62756729126 1
3.5517280224925396 -1.885201114420272 = 199.9156931933363 @ 4664 99359.63249206543 1
-1.8187207090790114 3.360639077790868 = 175.11061582946527 @ 1000 15.999078750610352 1
-3.5074497996344816 -3.2203440593234562 = 196.30201555784785 @ 6192 141663.75970840454 1
3.015490589939877 2.0069843395398035 = 199.98807617834635 @ 4670 99474.63369369507 1
-2.586089843968058 2.8957469821798956 = 196.55205797991107 @ 7472 171512.7112865448 1
-2.8562374620430955 3.388070465833803 = 197.06827810709217 @ 43370 954379.3087005615 1
-3.9410817776861666 -3.217215201335631 = 197.92219274178734 @ 46498 1016303.4825325012 1
2.7831599099136453 2.418652377958841 = 196.63534226180926 @ 33762 756768.2564258575 1
-2.6784532585674814 3.3720458512165488 = 196.9303510791666 @ 40472 897261.2202167511 1
3.588467510895267 -2.0208228838497426 = 199.52750052363484 @ 49584 1076516.7694091797 1
-3.9162012484534494 -3.020415285526913 = 195.0516740933934 @ 29298 663783.543586731 1
-2.5221574943024354 2.969492030500891 = 196.71767005420588 @ 25284 578643.7394618988 1
3.0100215765423037 2.173171719988135 = 199.408678938992 @ 11190 265073.126077652 1
3.491676287778967 -1.9941545715287783 = 199.13690062343778 @ 47516 1036799.3986606598 1
2.99399824238553 1.7383086058768213 = 198.94257814128872 @ 6704 151863.47842216492 1
-3.5698649323199874 -2.8362135306105323 = 192.4274768320428 @ 41550 917511.2664699554 1
-3.0392496236754156 3.2307354818853273 = 197.68691594118826 @ 34548 774301.7201423645 1
-2.7390901008404827 3.1935754019596376 = 199.6962523982274 @ 36228 812847.3560810089 1
-3.99220232737691 -3.2445933015562423 = 196.91740488228936 @ 32222 727843.3685302734 1
3.413939697211121 -2.1913026093440005 = 196.1616855803125 @ 49358 1073086.2481594086 1
2.9280685226971293 1.892351622507244 = 199.47375764563506 @ 6236 142515.9046649933 1
3.7244391995267847 -1.9727047532632906 = 198.81280174758618 @ 37126 831255.8081150055 1
3.6169730690327424 -2.1250836169367355 = 198.71460262469307 @ 33296 748692.6560401917 1
3.091578125558114 2.0625467174252226 = 199.49560868023752 @ 38668 860345.4070091248 1
-3.2670368708704545 3.3631557372563874 = 189.68906430416337 @ 20118 469499.4840621948 1
-2.938760763480138 3.2402798623845612 = 198.917250166057 @ 33908 758976.8097400665 1
3.123845866249298 1.619901633186352 = 198.28919166326892 @ 35430 793350.0144481659 1
-2.5484700799213447 2.973131452866933 = 197.1498352786549 @ 3198 62196.6917514801 1
3.760198449223992 -2.054159509738578 = 197.86297192761077 @ 45032 990158.3435535431 1
-3.661295382942464 -3.5411175531750168 = 195.18172410536604 @ 18954 441021.0201740265 1
-2.7641099617457927 3.3392319026500856 = 198.0775878928795 @ 8562 198413.7487411499 1
-3.8909370556295784 -3.2281814253203907 = 198.94900191558062 @ 45940 1003821.4542865753 1
-2.6665234387007692 3.0976319417277005 = 199.36763362748033 @ 25108 576055.713891983 1
-2.911827067615561 -3.01951760965936 = 168.6687720274766 @ 5954 131829.21361923218 1
-4.12803928730343 -3.2223546274063226 = 191.50264675661057 @ 45998 1004533.4675312042 1
3.83216489463119 -1.4565752709932536 = 193.93736523834423 @ 28452 644178.3204078674 1
3.22745706356322 -0.47946744308035383 = 186.31965906834253 @ 38680 860591.4041996002 1
2.51601879887051 1.8143935803840117 = 190.42675236777802 @ 21478 496777.6429653168 1
-3.888198667044989 -3.512526410765123 = 197.53182892935516 @ 33146 746572.6284980774 1
-3.0893847194743596 3.238616945020057 = 196.66180994251744 @ 28092 638415.2224063873 1
3.0732777036846106 2.2217288370714106 = 198.53662385342335 @ 27656 626191.565990448 1
3.754267227131377 -1.637725577206555 = 197.5601118769924 @ 32378 730030.9629440308 1
3.584664201661016 -1.5714291490749877 = 199.02768569437188 @ 13024 309106.49061203003 1
3.820626172959362 -1.5293413811022387 = 195.01760407389384 @ 22596 519735.75377464294 1
-3.823089450215331 -3.3138783015860276 = 199.88352898430438 @ 25342 579661.2493991852 1
3.6316488608263677 -1.2639408778120562 = 196.00875082074282 @ 38878 863805.9759140015 1
3.1600400806057323 2.4441365339455823 = 193.40184105817846 @ 9820 228647.5853919983 1
2.813223091489674 1.7591553904854629 = 197.04728826940192 @ 19410 453075.1280784607 1
-3.047085731067484 3.179143929748531 = 197.85348440112352 @ 29494 666806.7181110382 1
3.587402347750862 -2.0751074059475076 = 199.1594131669758 @ 20668 478034.7304344177 1
3.2475002790595093 1.735890954617591 = 197.80970340368293 @ 26804 607810.9714984894 1
-3.3446820775523323 3.082708883146568 = 188.6013991282275 @ 12664 297572.30710983276 1
-3.5915842908637656 -3.342544590678632 = 197.57997370378982 @ 3814 76611.248254776 1
-3.2376054940478345 -3.1690264157168127 = 186.3685178908686 @ 1000 15.999078750610352 1
3.5973091961194648 -1.5152965949538584 = 198.59459795865598 @ 31512 710917.2558784485 1
3.148195573405622 1.2288202702289415 = 194.49636096465179 @ 12286 290378.01003456116 1
-2.8093132136256904 2.623131413893378 = 191.18905405507985 @ 8576 198498.74806404114 1
-4.097785603651773 -2.763730084154785 = 178.86180380711932 @ 3234 63507.70807266235 1
-2.416100681652325 3.3354916188279127 = 193.74013481853243 @ 37558 838382.673740387 1
3.5970550545817765 -2.410200046859267 = 193.98837658742917 @ 1000 15.999078750610352 1
2.9481831825456117 1.3842106909082657 = 194.58466845870802 @ 26288 599680.3002357483 1
3.1474800416005646 0.44006896042908905 = 186.18594740525182 @ 40072 891643.6774730682 1
-3.6992889347486964 -3.4965228130477146 = 197.0111618315085 @ 17068 403301.03635787964 1
3.126201853251757 1.9984279217822745 = 199.39030613636717 @ 23100 532052.0191192627 1
1.9179187739223895 3.164549831837906 = 158.3915090206147 @ 43036 948747.6344108582 1
3.0626201973137466 1.7458171954511976 = 199.1930458452112 @ 36172 811758.8095664978 1
2.9023797029388323 2.207445870573446 = 199.26309589860915 @ 32886 737945.0953006744 1
3.3835742571787817 -2.2263220438563587 = 195.04378917740317 @ 48708 1058553.810596466 1
3.323664982814238 -1.5388662619869757 = 196.0621314937457 @ 1000 15.999078750610352 1
-2.525539824345495 3.2892915022205793 = 196.55065056868852 @ 39150 872879.7039985657 1
3.033305333478735 2.13396630338822 = 199.5431299539626 @ 14360 338933.20202827454 1
3.7066236052778425 -1.9669198881248957 = 199.07271965769635 @ 44712 980929.9576282501 1
-2.9817526934451783 3.1324907138724276 = 198.92412844773526 @ 5324 118542.3321723938 1
3.658619847758877 -1.5729997606526314 = 198.58806567027622 @ 20420 474472.0833301544 1
-3.2103972617597316 2.9740663210048086 = 192.93421320890738 @ 20584 476937.7098083496 1
-2.8099961206124235 3.326091837397033 = 198.3809051433005 @ 35716 798523.5612392426 1
3.097293662684887 1.1210758059040988 = 192.91761536945646 @ 14368 339289.2026901245 1
2.974936515381763 2.0295846231255172 = 199.97669535517727 @ 6604 150071.06184959412 1
-3.6952488063741247 -3.2118292385749827 = 199.54584374767396 @ 38800 862556.0085773468 1
2.9712364430625318 -0.10718704851135408 = 178.66793334338746 @ 11292 267406.62264823914 1
3.2716909695777083 1.4435576473476548 = 195.97898216599842 @ 41360 914900.3007411957 1
3.501398420947774 -1.9015335776627997 = 199.57442384826305 @ 22292 514735.6312274933 1
2.861128717271521 2.0234266674022914 = 199.37309420658772 @ 9138 215905.6580066681 1
3.621099732073846 -1.8023535793928176 = 199.88688413488887 @ 22686 520897.34864234924 1
3.31238085017414 0.8800282861821509 = 190.7877188463664 @ 24616 562667.1040058136 1
-3.81089616411872 -3.0833247574858165 = 198.10631959832898 @ 39914 884621.6387748718 1
-2.6426067614194646 2.964702837035323 = 198.16559585834665 @ 33330 749161.6561412811 1
3.7783002765151164 -2.2582332312739064 = 195.4384860048876 @ 32194 727504.3988227844 1
-2.7449597151572385 2.9682721182440477 = 198.88011198335957 @ 49266 1071486.6852760315 1
-2.7993723308646574 3.3943929415129794 = 196.9795817430666 @ 21062 490229.8176288605 1
-3.0051104388278995 3.6034172723309803 = 188.45224389056898 @ 36494 817001.4078617096 1
-3.54394267122823 -3.3020202032731754 = 196.83456210850755 @ 6982 157114.51768875122 1
3.552722441000895 -1.970585736757326 = 199.688338662602 @ 16158 382607.41686820984 1
3.222747870267602 -0.6658277091882778 = 187.24724695758204 @ 39704 881595.1309204102 1
-3.211060100776315 -2.920047193105786 = 184.13695574283142 @ 25962 589217.440366745 1
3.3283348096777714 1.5656127620794011 = 195.80947942779545 @ 13676 321361.554145813 1
-3.556008314470498 -3.2046138819230343 = 197.48615487402594 @ 47568 1037795.4003810883 1
-3.3429070739623734 -2.877454525527192 = 188.44024966567332 @ 28522 645539.3652915955 1
3.4095337164133483 1.8289519150674416 = 193.91829008555555 @ 49956 1081714.8168087006 1
3.2049673479671745 -1.689989373598113 = 193.27077411787724 @ 39162 873057.7020645142 1
3.073900843170832 1.5975675059391443 = 198.11030527514563 @ 42194 931694.4074630737 1
-3.449168023333458 -2.9587521468396587 = 192.875320367663 @ 15254 359629.1446685791 1
3.6296097008704447 -1.6462442944704756 = 199.28544713218741 @ 49776 1079601.2926101685 1
-3.796480602945397 -3.2848630435477872 = 199.98347505685572 @ 17156 404517.54784584045 1
-3.0276822246643826 3.090118560546299 = 198.1907089194808 @ 6380 145096.44556045532 1
3.64843843057857 -1.9344293586767933 = 199.70566158239015 @ 24348 558209.0737819672 1
2.6863226841807615 2.5807412932800635 = 193.0466725193123 @ 49860 1080679.3096065521 1
-2.5781707761701442 2.6263743982452317 = 189.83448183959644 @ 45968 1004208.5001468658 1
3.247350788158706 1.9092733480992663 = 197.87273523548933 @ 8276 192235.89992523193 1
3.816703884235839 -1.3878123227859769 = 193.66940937359965 @ 2930 52119.45366859436 1
3.2398603263661196 1.9882028581705788 = 197.75790249038837 @ 19562 455697.24202156067 1
3.4140107588984057 -1.6575525351643734 = 198.29273244907327 @ 25296 578746.7398643494 1
-3.9132361848665833 -3.259150100466446 = 198.80373644662833 @ 49582 1076513.8010978699 1
3.606940914598362 -1.7307219030890748 = 199.763856934937 @ 11562 273039.4277572632 1
3.100380065761198 1.4318535864499253 = 196.57770872922603 @ 15258 359669.1436767578 1
3.1463905599400466 2.2700082116139684 = 196.94335777919818 @ 47228 1032267.8754329681 1
3.303934086955722 -1.3346878089998813 = 194.32129150610973 @ 37566 838464.6742343903 1
3.443135674015934 -2.0333144323686616 = 198.2784969540907 @ 24278 556946.5637207031 1
3.319125461987853 -1.9323532017743783 = 196.32704490364813 @ 6572 149153.06186676025 1
2.4245777810771587 2.6545258604512125 = 187.80815787493256 @ 2800 49375.36382675171 1
3.233347469947698 1.7710424312931705 = 198.1009806865568 @ 15334 361318.5746669769 1
3.295770402791569 1.2694080152822615 = 194.33973434850208 @ 29802 671938.8065338135 1
3.1075084512993736 1.6529143775643624 = 198.5577470712117 @ 21692 500566.82085990906 1
-2.3896774237742022 3.46011598536092 = 189.98309752421602 @ 15476 363867.36583709717 1
-2.409262536422603 2.8417308428307266 = 192.68088907926239 @ 45024 990053.3545017242 1
-3.9090027707808646 -3.163448187512746 = 197.93975652393652 @ 28562 646194.3652629852 1
2.5413134753502713 2.0131638906837814 = 193.441654118136 @ 26388 601711.9429111481 1
-2.936112861017018 3.10309290595993 = 199.38183445133197 @ 40282 894601.185798645 1
-2.487616575148129 3.242558059791748 = 196.48375526849318 @ 37130 831384.839296341 1
3.801300029041705 -1.6989859825192977 = 196.83692794711564 @ 18042 425279.6633243561 1
-2.982874900942617 3.3667767199917686 = 196.57275255988034 @ 17660 413666.05734825134 1
3.618793922989148 -2.170672209714734 = 198.22384691789304 @ 29778 671490.7867908478 1
3.578941645057822 -2.3122537850822673 = 196.03916456954732 @ 46092 1010394.8216438293 1
2.954115787220984 1.9310034858504426 = 199.7823430095972 @ 11956 279555.21845817566 1
-4.012515798463794 -3.7177295863810067 = 190.1980791304929 @ 15898 372898.10037612915 1
-2.8955674757678653 2.815559850237475 = 196.08627895551663 @ 34792 778013.2837295532 1
3.1653148348975457 1.1777787092674676 = 193.97082601904953 @ 23288 535524.6109962463 1
3.3241303388841277 -1.5796352842949064 = 196.26586569030292 @ 40280 894589.2140865326 1
-2.616753557511813 3.5731155205924185 = 189.73917054215116 @ 11426 270448.367357254 1
3.3415019368738745 1.5300637184906727 = 195.3890543212604 @ 33058 745420.608997345 1
3.606940914598375 -1.7307219030890764 = 199.763856934937 @ 36266 813331.3567638397 1
3.7590193760491966 -1.716431050603356 = 197.91424833118802 @ 14300 337545.20201683044 1
3.1417792365380963 2.0411650487433395 = 199.07341555965664 @ 2204 37464.8642539978 1
3.6335912184829757 -1.699740133771659 = 199.51893655999308 @ 4672 99499.6337890625 1
3.423352226499902 -0.7227631859351183 = 190.67147710919107 @ 41686 919201.7936706543 1
-3.6112090000451484 -3.4883565233417904 = 195.47910422922195 @ 38968 865204.1339874268 1
-3.056405060600976 3.3081474685028 = 196.49075385236725 @ 24984 569260.2798938751 1
-2.7889140469487264 3.4019282281880296 = 196.78423544410307 @ 29160 661349.3988513947 1
3.638686726557769 -1.3930226085901822 = 197.26388339273618 @ 31306 706782.2213172913 1
-3.4097191289688005 -3.3733775701551947 = 191.51211366713852 @ 7544 172646.72446250916 1
-2.9844448513106934 3.107222203249862 = 198.86288763442042 @ 33572 753455.2502632141 1
3.5923077159601493 -2.1844421846053925 = 198.0609739802458 @ 23836 544424.6218204498 1
3.0311083818428464 1.3152173413264425 = 194.73928107014845 @ 38034 850627.8426647186 1
3.0334340868610683 2.0696111256066945 = 199.82606385894732 @ 7674 175139.67871665955 1
-2.370171575306087 3.636838365645721 = 182.08142159751935 @ 22490 517974.26891326904 1
2.890478086489126 1.7727653487871158 = 198.30421824553957 @ 13528 318618.31879615784 1
-3.614185104823635 -3.224396155190051 = 198.60232500560758 @ 7324 168575.0801563263 1
4.03178205844634 -1.7701703083446834 = 187.8267849449522 @ 30928 695755.933046341 1
2.874014814670268 1.6274057797807377 = 196.5789361735873 @ 49280 1071631.739139557 1
3.654045538955102 -1.1360748190276615 = 194.29719659475023 @ 18464 432385.85472106934 1
2.4890968478585687 2.1076981378258473 = 192.72312202860064 @ 28592 646717.8709506989 1
-3.142173630516165 2.707062612994714 = 189.58408066791728 @ 34602 775098.7374782562 1
2.812589979439492 2.0989019008226117 = 198.97152219283223 @ 43178 951247.7819919586 1
3.5084677862738567 -1.8623794350512157 = 199.69362179092695 @ 42196 931766.3819789886 1
3.26688049751629 1.320734817183705 = 195.05822624803204 @ 25838 587424.9269962311 1
-2.58492151730934 2.691449329211551 = 191.87336076240476 @ 15488 364209.511756897 1
3.342386013459873 -1.4587937850202697 = 196.003512332725 @ 9806 228376.58882141113 1
-3.344035181267343 2.805187338486407 = 184.94787542755196 @ 18404 431407.3431491852 1
3.5859541707965343 -1.9250125366639315 = 199.91060466567143 @ 15382 362128.5767555237 1
-3.2182134501687933 3.1107152668297076 = 193.61748583285964 @ 45128 991234.3912124634 1
-2.8057685961699272 2.688243328611987 = 193.155069300503 @ 47098 1029956.3813209534 1
2.7051063722201576 2.0027915434262287 = 197.09842021567115 @ 18860 439459.95688438416 1
3.1665846966402333 0.6979177202946069 = 188.72657320480707 @ 43548 957222.3401069641 1
-2.682245248237587 2.8571178782240425 = 196.79272301786156 @ 43438 955573.3592510223 1
3.884600312451758 -1.8458288801362843 = 194.8780793340987 @ 27356 620884.9623203278 1
-3.624823035531194 -3.4862341859105896 = 195.84802291961205 @ 2054 33937.18385696411 1
3.756893439105329 -2.34164745301195 = 194.3845639437379 @ 48640 1057698.8117694855 1
-4.40764312064592 -3.941940359520464 = 162.81415634867778 @ 14598 343532.2971343994 1
2.98665451576369 1.8264514263602887 = 199.47686768858338 @ 34134 766973.4365940094 1
3.6125509368965973 -1.5473210541843212 = 198.76024767698362 @ 10606 248621.7234134674 1
2.8960419009360603 2.0498289990043768 = 199.67333170018108 @ 6658 151273.48065376282 1
3.2971301601720384 2.077497761611164 = 195.82716937488172 @ 8076 187938.72022628784 1
-2.8310284672790673 3.479574258711088 = 194.57363512067982 @ 14372 339370.20206451416 1
-2.5101113853055557 3.290621756402911 = 196.27817525823357 @ 4928 104523.51546287537 1
3.4322827127050655 -1.8756216860820019 = 198.79837390675715 @ 5064 112124.6120929718 1
3.001805063166317 2.0536111840492435 = 199.94783155585463 @ 43928 962524.1189002991 1
-3.644823183084406 -3.342698519297237 = 198.60107514792617 @ 14578 343274.2700576782 1
2.98237410178249 1.689256468260366 = 198.47180175248803 @ 46662 1018970.0140953064 1
3.734159001492628 -2.081425825385537 = 198.11865716548084 @ 22916 524225.88539123535 1
-3.8919662920326834 -3.565272606533771 = 196.35162819818186 @ 27764 627915.9026145935 1
3.4060891499292487 -0.6677607527592436 = 190.08565752974965 @ 32842 736998.5876083374 1
-2.6913029968273765 3.100197072866432 = 199.56234380720005 @ 42702 939080.0442695618 1
-2.544813170564476 3.207542758437167 = 197.71431726436793 @ 43822 960943.8853263855 1
3.248211212943351 1.8788982128995755 = 197.9066697896892 @ 31274 706087.251663208 1
