0.08983860689277905 -0.7126522672021517 = 1.0316284533186584 @ 49194 64850.92210769653 1
-0.08985476463215611 0.712629653309921 = 1.031628446655389 @ 48516 63949.94592666626 1
0.08983818386408864 -0.7126485707231929 = 1.0316284529603494 @ 47980 63216.90130233765 1
0.08983948032541927 -0.7126508492848136 = 1.0316284532263518 @ 49550 65290.91954231262 1
0.08983958226071458 -0.7126510654875879 = 1.0316284532465154 @ 47350 62434.93151664734 1
-1.7005694360468468 0.7967372210455219 = 0.21536949256100357 @ 48456 63876.922369003296 1
1.7014302059486235 -0.7945337566682623 = 0.21539528392738516 @ 46768 61648.75793457031 1
-0.0688803195219147 -0.1975302875226779 = 0.1174464666750287 @ 45164 59604.61449623108 1
0.44737652271658246 0.561080188394489 = -0.10732703556334344 @ 47990 63228.90043258667 1
-0.08983939765682766 0.7126343353779913 = 1.0316284495331132 @ 48208 63562.9198551178 1
0.08983892929128758 -0.7126509036270603 = 1.0316284532220972 @ 49370 65066.94579124451 1
-0.08983468386972426 0.7126395726851341 = 1.0316284510842142 @ 47644 62799.901485443115 1
0.08983878464727837 -0.7126513059413684 = 1.031628453252945 @ 49072 64700.950384140015 1
-0.08983779866301053 0.7126375809095502 = 1.0316284505988649 @ 48644 64108.919858932495 1
0.08983985935694845 -0.7126542345112068 = 1.031628453437955 @ 44090 58216.076612472534 1
-0.0898588952182473 0.7126386316389486 = 1.0316284494924977 @ 47508 62630.93113899231 1
-0.08982920424855653 0.7126444716753021 = 1.031628451837312 @ 49648 65410.92252731323 1
0.0898379041428245 -0.7126509308405111 = 1.0316284532013211 @ 49388 65089.91980552673 1
1.6092964962088145 -0.1548515959613509 = -1.721526119079606 @ 9050 11385.689496994019 1
0.03011018049154699 -0.1536857094893178 = 0.09324844283821747 @ 20132 26374.226331710815 1
0.08983955846477487 -0.7126516836159571 = 1.0316284532955788 @ 46474 61282.756090164185 1
-0.08985044570524522 0.7126313271102553 = 1.0316284478520594 @ 47592 62735.90064048767 1
-1.7025502526532617 0.7972762609938977 = 0.21543596243044105 @ 28094 37102.80418395996 1
0.08983898517631164 -0.7126509967086908 = 1.0316284532311524 @ 49744 65529.494285583496 1
-0.08076527337461137 -0.0737974416521278 = -0.010297514589507596 @ 35012 46235.313415527344 1
0.08984035781711516 -0.7126501037614692 = 1.0316284531646762 @ 44582 58822.076082229614 1
0.0898391553456219 -0.7126515013485247 = 1.0316284532752928 @ 50000 65842.49520301819 1
-1.7013559960938598 0.7967231690687597 = 0.21540964361001058 @ 45548 60079.61320877075 1
-0.6952418935921721 0.722923275412688 = 0.020111288609803823 @ 45576 60114.58325386047 1
-0.08984930636815548 0.7126271570278907 = 1.0316284460651224 @ 46954 61879.7562122345 1
-0.08984040062380816 0.7126354011646214 = 1.03162844990168 @ 49532 65268.94998550415 1
1.6957681308448573 -0.7900169936899413 = 0.21452396661375583 @ 47052 62062.361001968384 1
-0.08985232407331578 0.7126277411295878 = 1.0316284460527498 @ 47410 62508.931159973145 1
-1.7013271790540998 0.7966392019880221 = 0.21540970463353548 @ 47290 62359.90047454834 1
-0.08984041839118226 0.7126327876391012 = 1.0316284489508243 @ 49260 64931.920766830444 1
-0.08984921257379556 0.7126312475145802 = 1.0316284479248197 @ 49888 65706.4950466156 1
-0.6184722415332611 0.7667099974954648 = 0.20189140198096445 @ 42970 56700.05679130554 1
0.08983996593888728 -0.7126519786821133 = 1.0316284533222972 @ 49216 64876.951456069946 1
0.0898395710563189 -0.7126524317531389 = 1.0316284533471762 @ 48878 64397.95231819153 1
1.6143396699382095 0.5434703300042703 = -2.1065663227887033 @ 35708 47109.48991775513 1
-0.08984747888631803 0.7126269394628663 = 1.0316284461036895 @ 47494 62612.900733947754 1
-1.7028480970862445 0.7967297394861058 = 0.21545316380154245 @ 30022 39636.99555397034 1
0.08983974751145024 -0.712651560869541 = 1.0316284532888327 @ 49586 65334.919452667236 1
-0.0898494178846811 0.7126317515353664 = 1.031628448117264 @ 44334 58520.10726928711 1
-0.08984936424520402 0.7126354603085068 = 1.0316284495336343 @ 47490 62607.90038108826 1
0.08983923571252164 -0.7126511030719134 = 1.0316284532444981 @ 49378 65076.91955566406 1
-0.08984388176077 0.7126345792778348 = 1.0316284495353316 @ 49524 65257.92050361633 1
0.08984006369343445 -0.7126519772381321 = 1.031628453323286 @ 48730 64215.95048904419 1
-1.5734959320352169 -0.584678804735045 = -2.1096251172986067 @ 36152 47740.49091339111 1
0.089839829915149 -0.7126518737314029 = 1.0316284533131899 @ 49864 65677.49428749084 1
-0.08984963948850938 0.7126303181373763 = 1.0316284474923592 @ 47424 62526.90029144287 1
0.08983850747064578 -0.712650722852447 = 1.0316284531976643 @ 48510 63942.919969558716 1
-0.0898660419482319 0.7126500874791657 = 1.0316284507604956 @ 28796 37984.472036361694 1
0.08983818782005332 -0.7126519400581909 = 1.031628453286792 @ 49102 64737.91980743408 1
-1.6004787218315544 0.11148519507069266 = -1.84201487565001 @ 20852 27290.13991355896 1
0.08984009352513919 -0.7126518015021723 = 1.03162845331095 @ 49082 64712.94713020325 1
-0.08985430445494799 0.712631156150844 = 1.0316284473709816 @ 48216 63572.92199134827 1
0.08983725670344138 -0.712651773528668 = 1.0316284532481879 @ 49668 65435.945987701416 1
-0.08985899886204156 0.7126366561488588 = 1.0316284488364886 @ 49168 64818.91989707947 1
-0.08985147527610016 0.712628198821043 = 1.0316284463599668 @ 46774 61656.78787231445 1
-0.10448172032427719 -0.07159330108513469 = -0.0304987747847393 @ 45594 60137.614488601685 1
0.08984011234602415 -0.7126500335794255 = 1.0316284531556719 @ 47144 62177.931785583496 1
-1.698294031924827 0.7952440665811723 = 0.21519370836063678 @ 48286 63661.921977996826 1
-0.08984661697597102 0.7126317426217017 = 1.0316284483138007 @ 48290 63666.92066192627 1
-0.08984622326765225 0.7126234656119648 = 1.0316284443983756 @ 46236 60987.616539001465 1
-0.08984214841640759 0.7126276570544977 = 1.0316284467192836 @ 45396 59893.582820892334 1
-0.08984381385642459 0.712628103159021 = 1.0316284468680286 @ 49122 64761.950731277466 1
-0.08984771102915208 0.7126297007808491 = 1.0316284473724662 @ 49350 65043.920040130615 1
-1.6026633715255452 -0.5772725671468477 = -2.1045910447564133 @ 35924 47380.48982620239 1
0.08983913512954791 -0.7126523584764084 = 1.0316284533352669 @ 48682 64156.91947937012 1
-1.7017071240796882 0.7969919979234144 = 0.21541851482328422 @ 43486 57406.05688095093 1
-0.08985034964631061 0.7126273491666099 = 1.0316284460643665 @ 48240 63603.92069816589 1
-0.08984957211644551 0.7126284975517451 = 1.0316284466794488 @ 49582 65329.9195766449 1
0.08983678641798057 -0.7126509782931791 = 1.031628453170743 @ 49780 65573.4965801239 1
-1.6655816564109593 -0.663103693406575 = -2.170722445023387 @ 12014 15373.024940490723 1
0.08983888065301282 -0.7126521864771922 = 1.0316284533192361 @ 49116 64754.91952896118 1
0.08980574122812149 -0.7126421866525519 = 1.0316284472212502 @ 49602 65354.950189590454 1
0.08983873393868973 -0.7126503093272547 = 1.031628453163854 @ 49846 65654.46496009827 1
1.7023921546936296 -0.7950792376388779 = 0.21543969936935425 @ 48498 63927.91962623596 1
1.7024751253184516 -0.7956236796772944 = 0.2154497768129774 @ 45068 59483.61349105835 1
-0.08984935200134261 0.7126320225348688 = 1.031628448233472 @ 48606 64062.94560432434 1
1.6100410133412693 -0.17719186356227104 = -1.6570086323895095 @ 5040 5813.107013702393 1
-0.08984752740807805 0.7126291729752113 = 1.0316284471493895 @ 49966 65803.46488952637 1
0.08983952866236533 -0.7126516531500093 = 1.0316284532928588 @ 49218 64879.95266914368 1
1.7021216522656755 -0.7951861103348916 = 0.2154351426975586 @ 42294 55838.547706604004 1
-0.08984985911695449 0.7126293248485218 = 1.031628447033177 @ 49994 65835.46471595764 1
0.4283679299775101 0.5403081944003081 = -0.0699632039550454 @ 42474 56069.5481300354 1
-0.08985222079939573 0.7126396859879578 = 1.0316284506245446 @ 49818 65620.49674987793 1
0.08983813993084204 -0.7126519483140765 = 1.0316284532861393 @ 48908 64434.95059013367 1
-0.08984256998389116 0.7126263675774063 = 1.031628446084636 @ 46486 61297.75595664978 1
-1.70073709529312 0.7964753584346304 = 0.21538279879785982 @ 48588 64040.92049598694 1
-0.06789778425492438 -0.1868053823770719 = 0.10363450112247533 @ 45428 59933.61401557922 1
0.44001870468654214 0.5255040941923984 = -0.12982059665992318 @ 47256 62316.9002532959 1
0.4471025432073109 0.5151449256974414 = -0.16886833035929782 @ 35082 46323.31371307373 1
-0.08984400243571322 0.7126197078119445 = 1.0316284423750763 @ 47726 62901.933431625366 1
-0.08985133226720471 0.7126337303813801 = 1.0316284487305425 @ 49866 65679.49533462524 1
-0.08984803161522162 0.712635519629927 = 1.031628449651679 @ 48852 64366.91951751709 1
0.08983800748751943 -0.7126521949217558 = 1.0316284532991675 @ 48876 64395.95007896423 1
-0.08984745092551365 0.7126366491113381 = 1.0316284500717396 @ 49180 64833.91976356506 1
-0.6430766632418278 0.7868582839694899 = 0.13060697763614015 @ 10804 13685.704708099365 1
0.08983889786587415 -0.7126506907965156 = 1.0316284532026332 @ 49424 65133.920669555664 1
0.08983969785247467 -0.7126529781531135 = 1.0316284533808533 @ 49552 65293.919801712036 1
-0.08985098576783591 0.7126395716080316 = 1.0316284507050935 @ 48334 63722.91946411133 1
0.08983938837912496 -0.7126517415132627 = 1.031628453297309 @ 48692 64168.95031929016 1
0.0898408789041195 -0.7126529452939191 = 1.0316284533908766 @ 47838 63040.93289375305 1
0.08983721415690461 -0.7126517144667388 = 1.0316284532425766 @ 47142 62175.93550682068 1
1.5550334311376002 -0.16971464372769587 = -1.7304935921454232 @ 24382 32075.222730636597 1
-1.6985722606699638 0.795809853019616 = 0.21522475031397026 @ 47724 62899.93405342102 1
0.08984079535848971 -0.7126514183164967 = 1.0316284532866908 @ 42634 56272.54772186279 1
-0.08984845926312707 0.7126322384077767 = 1.031628448390421 @ 49786 65580.49750328064 1
0.08983881654119139 -0.7126518172607641 = 1.0316284532924909 @ 49810 65609.49635505676 1
-1.7010026975450832 0.7963746189812957 = 0.2153977056598333 @ 45260 59724.613428115845 1
0.08983833356554882 -0.7126528162652016 = 1.031628453344941 @ 48626 64087.95094490051 1
0.08983947763879921 -0.7126519122343593 = 1.0316284533110511 @ 49362 65057.91974067688 1
-0.08983693035768886 0.7126368894946917 = 1.0316284503701996 @ 46058 60767.61746406555 1
-0.0898464659698157 0.7126331226778504 = 1.0316284488707728 @ 49920 65746.46377563477 1
0.0027252348964751094 -0.14546460868135472 = 0.08321555289923324 @ 48898 64422.95265197754 1
-1.6999068792643175 0.7957866454099003 = 0.21533418569271168 @ 49628 65386.9194984436 1
0.5093125581908926 0.586926184114309 = -0.2977823455437547 @ 40274 53120.9762096405 1
0.04122835331850573 -0.13075644481317628 = 0.06581755811086175 @ 43874 57888.0569934845 1
0.0898393209571492 -0.7126509406641223 = 1.031628453231988 @ 48552 63994.94743347168 1
-0.08985477453766136 0.712634836125805 = 1.0316284487708574 @ 49890 65709.46431159973 1
0.08983985252867244 -0.7126513231301305 = 1.0316284532713331 @ 49440 65153.92065048218 1
-0.08984665904392172 0.712630051188106 = 1.031628447596839 @ 49174 64826.92050933838 1
-0.08985234464165895 0.7126241901262065 = 1.031628444243721 @ 45874 60482.59973526001 1
0.08983931136075371 -0.7126508659580204 = 1.0316284532253113 @ 48548 63989.95041847229 1
-0.08984966910921405 0.7126299330927903 = 1.0316284473211688 @ 48894 64417.92273521423 1
-0.08982904519216149 0.7126387667384494 = 1.0316284505159006 @ 41682 55018.57852935791 1
0.4767100043266268 0.5796514093357076 = -0.18838525712895227 @ 47898 63114.9001121521 1
-1.7006834339953842 0.7962868533816845 = 0.2153816442497497 @ 41286 54523.54621887207 1
-1.6973371391956 0.7957576875645018 = 0.21509397174062184 @ 45882 60491.599798202515 1
-0.08983941726624853 0.7126308418963454 = 1.031628448179629 @ 49830 65635.4968547821 1
0.08983876704789695 -0.7126517549419558 = 1.0316284532869646 @ 48276 63648.921728134155 1
0.08983933318245259 -0.7126515320606259 = 1.031628453280636 @ 49930 65758.46433639526 1
0.08983914583852783 -0.7126512270997021 = 1.0316284532532811 @ 49534 65271.18802070618 1
0.0898383065816276 -0.7126504623221421 = 1.0316284531693298 @ 48636 64098.92010688782 1
-0.4043530930414404 -0.535044355746119 = 0.0016113805611247534 @ 37104 48994.06814575195 1
-1.7004853353380733 0.7961879505037246 = 0.21537092254300627 @ 40012 52797.401428222656 1
-0.0811243889135274 -0.2010329273997954 = 0.11258122946839504 @ 31220 41196.55895233154 1
-0.08986109865595412 0.7125994511824102 = 1.031628424423483 @ 49558 65300.91977119446 1
-1.6992243443676172 0.7960249652869238 = 0.21528224946927654 @ 45542 60072.58367538452 1
0.08983787299468642 -0.712652736752428 = 1.0316284533281583 @ 48604 64060.950756073 1
0.08983834653519299 -0.7126514179628751 = 1.031628453252239 @ 49278 64953.92346382141 1
-0.6632123186816572 0.7031809296841811 = 0.08475149071720911 @ 45942 60565.63067436218 1
-0.06518829242796993 -0.1946166223961116 = 0.11611738336227323 @ 40350 53216.00580215454 1
-0.08983294634779404 0.7126367525770506 = 1.0316284501855004 @ 46018 60717.61631965637 1
-0.08983792027563486 0.7126376243296288 = 1.0316284506137061 @ 48480 63906.95118904114 1
0.08984004027042378 -0.7126521879576154 = 1.0316284533375264 @ 49062 64686.91945075989 1
-0.08983536490306096 0.7126344241718281 = 1.0316284495078978 @ 49438 65151.92008018494 1
0.08983859444672271 -0.7126513587831824 = 1.0316284532531932 @ 46848 61746.755838394165 1
-0.08985073731605608 0.7126334926439127 = 1.0316284486950695 @ 47982 63218.90044212341 1
-0.08984854394490896 0.7126326730079009 = 1.0316284485573766 @ 48688 64163.91968727112 1
-0.042790698810593816 -0.14217834195810253 = 0.06582314283121316 @ 46536 61360.756158828735 1
-0.08985646388279166 0.7126308874910774 = 1.0316284469757693 @ 48704 64182.95502662659 1
1.7018529491224197 -0.7934710500163304 = 0.21536285788562304 @ 46520 61341.75729751587 1
-0.08983924795507822 0.712638154280643 = 1.0316284507834925 @ 47850 63054.900884628296 1
-0.08985111596989745 0.7126245947170304 = 1.031628444592179 @ 46792 61677.7560710907 1
-0.6150926855568276 0.683736033791841 = 0.18552166615219545 @ 34770 45866.31488800049 1
-0.08983740932214879 0.7126354645056877 = 1.0316284499134711 @ 49282 64958.953857421875 1
-0.0898475017709862 0.7126312847883851 = 1.031628448068032 @ 49730 65511.497020721436 1
0.7671570612839662 -0.5370266847185708 = -0.4618156621648106 @ 48526 63962.9225730896 1
-0.08984392760049259 0.7126338916690943 = 1.031628449282704 @ 49678 65448.94790649414 1
0.08984248819333412 -0.7126520294663726 = 1.0316284533302795 @ 48674 64146.92258834839 1
-0.10547923372838583 -0.20657753098388315 = 0.09737910446536642 @ 31720 41821.29454612732 1
-0.08985404563035237 0.7126305003877152 = 1.031628447119506 @ 49484 65208.91976356506 1
-0.08985332891131234 0.712631865530899 = 1.031628447782614 @ 49970 65808.46381187439 1
-0.08984462803575505 0.7126322993074586 = 1.0316284486425724 @ 47530 62657.90104866028 1
0.08983889963884906 -0.7126520498894343 = 1.0316284533104583 @ 48684 64158.9195728302 1
-0.41930675812736645 -0.6087449230750499 = 0.0375720250887559 @ 43684 57653.088092803955 1
-0.11455733009293544 -0.23336133823197344 = 0.12710170919116393 @ 49408 65113.919734954834 1
-0.08984456684859078 0.7126317288404602 = 1.0316284484159635 @ 48746 64236.958026885986 1
-1.6991346092922366 0.7960081852162979 = 0.21527481669037052 @ 44750 59029.07729148865 1
-1.7018675730028492 0.7967872690362228 = 0.215428265938869 @ 38306 50552.29711532593 1
-0.6366247517716669 0.7783397887136876 = 0.15231730227219864 @ 10054 12724.223613739014 1
-0.08984350931930113 0.7126334916674326 = 1.0316284491483014 @ 49682 65453.951835632324 1
-0.08984435549038719 0.7126328392030763 = 1.0316284488664138 @ 49460 65177.9203414917 1
-0.08984436447490854 0.7126278902950711 = 1.0316284467440047 @ 49016 64627.920150756836 1
0.6277758877633414 -0.8190951786991407 = 0.12670933880876079 @ 41332 54582.57746696472 1
-1.7014038791596517 0.7964390319759226 = 0.21541549506307556 @ 47820 63017.90356636047 1
0.0898267741446139 -0.7126284291411346 = 1.031628446602775 @ 49796 65592.49782562256 1
-0.0898519300129309 0.7126273647310508 = 1.0316284459135452 @ 47200 62246.93179130554 1
-1.5879068250463435 -0.5881406461715253 = -2.107046782986081 @ 2996 2868.058204650879 1
0.08983990637729225 -0.7126514182991466 = 1.0316284532795987 @ 48846 64358.919858932495 1
0.08981457771752176 -0.7125438746767327 = 1.0316283499633487 @ 49594 65344.91968154907 1
-0.0898511448772928 0.7126334188368741 = 1.0316284486289484 @ 49936 65765.46335220337 1
-0.08984969287345122 0.7126270760561949 = 1.0316284459917984 @ 49038 64655.95054626465 1
0.0898413277529255 -0.7126522196967249 = 1.031628453347603 @ 41730 55077.54635810852 1
-0.08983861259457943 0.7126355272460783 = 1.0316284499470947 @ 49358 65052.91962623596 1
0.08983825680556115 -0.7126503577966709 = 1.0316284531583104 @ 49106 64742.91944503784 1
0.08983827021451263 -0.7126504748309574 = 1.0316284531696587 @ 48014 63318.90153884888 1
0.08984198465071758 -0.7126525346215291 = 1.0316284533674391 @ 44842 59144.61374282837 1
0.6242677817223761 -0.8190474517002115 = 0.13492702227708386 @ 35502 46849.31445121765 1
1.5893212813353021 0.562819586505223 = -2.1059229240180506 @ 34072 44956.80332183838 1
0.5091544232575158 0.6500750993563669 = -0.25658398304517815 @ 17264 22395.071268081665 1
1.55668340678618 -0.0894408427728289 = -1.9337485618549097 @ 37918 50005.21421432495 1
-0.3609691671923445 -0.4658919408086012 = 0.02531750922069409 @ 31368 41382.558822631836 1
0.08983849446532283 -0.7126496359563447 = 1.0316284530904187 @ 49940 65770.46394348145 1
0.08983891072007148 -0.7126524212637906 = 1.0316284533348745 @ 46210 60954.615354537964 1
1.7009120665740831 -0.794946573022299 = 0.21538345484944166 @ 42782 56462.54754066467 1
0.6290496283885629 -0.6294118946896121 = 0.07815333927896073 @ 39556 52168.28632354736 1
-0.0898436891286069 0.712629368551119 = 1.0316284474487345 @ 49346 65038.91968727112 1
1.6198847796529 -0.16469153767030556 = -1.6867838279481147 @ 31664 41752.294301986694 1
0.08983839682429415 -0.7126524551547565 = 1.0316284533255382 @ 48930 64462.91947364807 1
-0.10449415711717464 0.7074970163012114 = 1.0305019089158591 @ 48884 64405.95054626465 1
-0.08984608964410977 0.7126320503779308 = 1.0316284484694238 @ 48856 64371.94561958313 1
-0.08985338683729163 0.7126344004951997 = 1.0316284487709813 @ 49614 65368.93558502197 1
0.08983848678274477 -0.7126502271825121 = 1.0316284531508386 @ 47172 62213.9310836792 1
0.0898403229009319 -0.7126522685889567 = 1.031628453345748 @ 45574 60112.58292198181 1
0.089839261261576 -0.7126518553314158 = 1.0316284533035074 @ 49578 65324.95069503784 1
0.08983956234101778 -0.7126520483483405 = 1.0316284533218432 @ 49766 65556.46395683289 1
1.7026137980635614 -0.7953486962548604 = 0.21544911096424768 @ 45448 59957.61442184448 1
0.08983833659045279 -0.7126517636110965 = 1.0316284532779754 @ 49454 65170.91941833496 1
-0.4368208732277476 -0.5488477545077635 = -0.08688602172528426 @ 31726 41828.29427719116 1
1.7030221263506644 -0.7952391277814161 = 0.21545307306361505 @ 43548 57484.0567111969 1
-0.023499571082212928 -0.15795138634157213 = 0.09138475430841782 @ 43228 57077.05736160278 1
-0.08986193494423161 0.7126326761790611 = 1.0316284468599077 @ 48798 64299.9222278595 1
0.42897820157372735 0.5144732881013887 = -0.1092462453361478 @ 36032 47578.52125167847 1
0.08983496246134101 -0.7126483420053389 = 1.0316284528207844 @ 49832 65637.49742507935 1
-0.08984422104031678 0.7126313673474424 = 1.031628448282969 @ 49704 65480.46660423279 1
-1.700304685039359 0.7962964012145084 = 0.21535918516581432 @ 44610 58856.077432632446 1
-1.7001889249198032 0.796375198591428 = 0.2153510915747372 @ 40566 53480.977058410645 1
0.6524483586361776 -0.739431317136197 = 0.1257697564530581 @ 29050 38361.483573913574 1
-0.08985032832343984 0.7126256570303657 = 1.0316284452237008 @ 47192 62237.93268203735 1
0.08978309761187178 -0.712610469776092 = 1.0316284253868722 @ 49688 65460.949420928955 1
0.08983866437558871 -0.7126505193561408 = 1.0316284531823772 @ 49036 64652.95100212097 1
1.7039050658652748 -0.7952019290629676 = 0.2154540063507291 @ 39030 51511.31629943848 1
-1.7011926272892435 0.7965859328788362 = 0.2154044027193176 @ 29138 38473.48356246948 1
0.08983841091659216 -0.7126505253857176 = 1.031628453177559 @ 48084 63406.919717788696 1
-0.4157852332749459 -0.5779698931392154 = 0.019060120481697362 @ 39336 51893.314599990845 1
-0.08985013460593355 0.7126269369164547 = 1.0316284458835152 @ 48530 63967.94629096985 1
0.2758047847409845 0.35208038500327843 = 0.04500358361005424 @ 43916 57940.0577545166 1
0.6501835614312241 -0.7422891987980624 = 0.13137282846554998 @ 47224 62276.931285858154 1
-0.4473944468461768 -0.5626872182421743 = -0.10544492239235115 @ 40362 53229.97808456421 1
-0.15571366413696486 -0.2595392838406997 = 0.1151217907278064 @ 46788 61673.781871795654 1
0.08983887312860704 -0.7126514547185265 = 1.0316284532664624 @ 49406 65111.91964149475 1
1.7029466003570133 -0.7954993457898865 = 0.21545623152116278 @ 48928 64460.91961860657 1
0.6333317057776785 -0.7622276480504673 = 0.16842309066573313 @ 32442 42777.31943130493 1
0.0898411561578789 -0.7126539694011225 = 1.0316284534406 @ 49144 64788.92159461975 1
-0.42729982180485937 -0.5291737860598456 = -0.08203316999266241 @ 49044 64662.92071342468 1
1.7040940335011414 -0.7967726357768716 = 0.21545656390474988 @ 29850 39360.026359558105 1
-0.08984021852812317 0.7126385393454182 = 1.0316284508962137 @ 47710 62881.93130493164 1
0.08983927674156796 -0.7126520141308379 = 1.0316284533149551 @ 49472 65192.95334815979 1
0.08983904626249775 -0.7126510269496968 = 1.0316284532348303 @ 49736 65519.495725631714 1
-0.08984804323006931 0.7126266448335733 = 1.0316284459171141 @ 48620 64079.91981506348 1
-1.6986668565964647 0.7957757689468119 = 0.2152335478472599 @ 40018 52804.43286895752 1
0.08985507419257219 -0.7126255810424048 = 1.0316284446429713 @ 49290 64968.953132629395 1
0.08984041236555965 -0.7126529341093757 = 1.0316284533868987 @ 46346 61123.790979385376 1
-0.41664279138318794 -0.5465347855443552 = -0.022623412769500195 @ 5782 6795.64642906189 1
0.2707262241208557 0.3569433605013681 = 0.06604738104157887 @ 28678 37836.43937110901 1
-0.08984642795848306 0.7126318960863308 = 1.0316284483875728 @ 49764 65554.49438095093 1
0.08984194127039791 -0.7126458880090714 = 1.0316284525851942 @ 49348 65041.919231414795 1
0.08983964752489743 -0.7126508116692435 = 1.031628453225272 @ 46552 61379.75716590881 1
-0.08984629239181484 0.712634895322515 = 1.0316284495384376 @ 48844 64356.92000389099 1
1.7019311303498292 -0.7950756378631989 = 0.21542742046809316 @ 45720 60292.61374473572 1
-0.08984777976023386 0.712638173530354 = 1.031628450533822 @ 49818 65620.49674987793 1
-0.08985319834979544 0.712629850007837 = 1.0316284469315067 @ 48222 63580.91998100281 1
0.08983953784480908 -0.712651478057472 = 1.031628453279554 @ 48680 64153.92088890076 1
-0.08984022979077333 0.7126341066413686 = 1.0316284494463317 @ 49560 65303.919553756714 1
-0.08984920398066737 0.7126289925997765 = 1.0316284469386885 @ 48686 64160.91966629028 1
0.08983885354614624 -0.7126510693854684 = 1.031628453234851 @ 49884 65702.46648788452 1
0.08984017585470735 -0.7126526666512023 = 1.0316284533692592 @ 46784 61668.75863075256 1
-0.08984825562105687 0.7126287364725612 = 1.0316284468972372 @ 47704 62873.900175094604 1
-0.1615981598325021 0.15200275374316946 = 0.011817655069441976 @ 19856 25942.121982574463 1
0.08983864420185335 -0.7126507111550718 = 1.0316284531995024 @ 46680 61538.755893707275 1
-0.6989861392687176 0.7499273371147083 = 0.016710208409213112 @ 49280 64956.950187683105 1
-0.0898486307967013 0.7126331647719251 = 1.0316284487432545 @ 49590 65339.919567108154 1
-1.5804042892302854 -0.604592183214128 = -2.111743022799233 @ 46750 61626.78670883179 1
-0.08983867380772462 0.7126360171594848 = 1.0316284501113218 @ 46002 60697.617530822754 1
0.08983715023033571 -0.7126504282478804 = 1.0316284531344078 @ 44942 59268.608808517456 1
-0.5814244909849471 0.2644753785524543 = -0.7111148702348487 @ 32770 43185.29486656189 1
0.0898394835280531 -0.7126523897954145 = 1.03162845334319 @ 48940 64475.92210769653 1
-0.08984680817161664 0.7126279558444115 = 1.0316284466371317 @ 49244 64912.919759750366 1
1.614090473975053 0.5604061129893888 = -2.1046829319914675 @ 21844 28698.678016662598 1
-0.14814098258608285 -0.26776287112436375 = 0.13978421978919206 @ 48100 63428.92098426819 1
-0.08984097867634816 0.7126340851867374 = 1.0316284494300452 @ 49760 65549.47781562805 1
-0.0898507131571834 0.7126264835023267 = 1.0316284456040927 @ 48310 63692.95120239258 1
0.6384420108517785 -0.7692615238337566 = 0.15334345194940546 @ 23704 31165.221452713013 1
-1.7012935633727504 0.79655647353437 = 0.21540936792561616 @ 49782 65575.50024986267 1
0.08983885258614978 -0.7126515550297291 = 1.0316284532737894 @ 48386 63789.91985321045 1
-0.08983808947793631 0.7126370720700212 = 1.0316284504456394 @ 49788 65583.49609375 1
-0.6869857447563368 0.7320459114409155 = 0.04266077601342311 @ 49324 65011.95049285889 1
1.7029459921903736 -0.7960036893737976 = 0.21545964307905485 @ 32004 42231.2958240509 1
0.08983961951202463 -0.7126516813381113 = 1.0316284532962738 @ 49466 65185.95004081726 1
1.702622737404591 -0.7945489897827336 = 0.21542975554621402 @ 48880 64400.94709396362 1
0.08983656957673368 -0.712652790299452 = 1.0316284532871378 @ 42450 56039.54744338989 1
0.08983867945718407 -0.7126506533610046 = 1.0316284531950006 @ 48848 64361.91987991333 1
-0.08984801569539452 0.7126290695609078 = 1.031628447067343 @ 49286 64963.95039558411 1
0.0898398514158811 -0.7126512727643295 = 1.0316284532672177 @ 45048 59459.58614349365 1
0.08983903531473852 -0.7126505538253206 = 1.031628453192553 @ 49146 64791.92233085632 1
0.089838449050794 -0.7126501151361972 = 1.0316284531389919 @ 49716 65494.464635849 1
0.08984003014736158 -0.7126519607076128 = 1.0316284533217526 @ 49620 65376.95026397705 1
-0.0898499685119872 0.7126263567298683 = 1.0316284456114662 @ 48404 63811.919927597046 1
-1.6101551253243882 -0.587088210686924 = -2.105687527710621 @ 28418 37509.34314727783 1
0.08984015796655195 -0.7126510087560312 = 1.0316284532481819 @ 48962 64503.95202636719 1
-0.08983781792936693 0.7126283217711638 = 1.0316284470817534 @ 46322 61093.7557220459 1
-0.0898523367093582 0.7126316033437123 = 1.031628447782034 @ 49878 65695.4665184021 1
0.08983987589102792 -0.7126520315672762 = 1.031628453324923 @ 49326 65014.92118835449 1
0.0898381804240837 -0.7126506149324975 = 1.031628453180444 @ 49646 65408.9515209198 1
-0.08983723571454674 0.7126354795055587 = 1.031628449915827 @ 49928 65756.46352767944 1
0.6307348855760317 -0.7857557437179313 = 0.16052615603721443 @ 37468 49442.64721870422 1
1.504903663070282 -0.3095044025210584 = -1.3477077750741848 @ 32562 42926.29432678223 1
0.5987244268075878 -0.855571806218129 = 0.11756449544840242 @ 6264 7497.127294540405 1
-0.08984668408806865 0.7126307269590455 = 1.0316284478863302 @ 48774 64270.91979980469 1
0.6421380892828723 -0.686474437099283 = 0.12182295498329043 @ 46102 60821.616649627686 1
-0.08984777671736184 0.7126350494958988 = 1.031628449503397 @ 48670 64140.94662666321 1
-0.08984846956659337 0.712631584630534 = 1.0316284481231985 @ 48188 63537.919759750366 1
-0.08983903112946447 0.7126383947152235 = 1.0316284508532596 @ 47714 62886.93380355835 1
-0.08984423322832333 0.7126323980340651 = 1.0316284486986431 @ 48900 64424.922704696655 1
-1.7017373083418619 0.796592796152319 = 0.21542672061814672 @ 49520 65252.95114517212 1
-0.08984756402837371 0.7126317179740574 = 1.0316284482428562 @ 48970 64512.951135635376 1
0.08983880885477498 -0.7126520185914189 = 1.0316284533064783 @ 49478 65201.91931724548 1
-1.027581627914584 -0.6777036763132707 = -1.9777181723668484 @ 32006 42234.3270778656 1
-0.08984322417744033 0.7126338604578395 = 1.0316284492955576 @ 49938 65768.4633731842 1
0.08983848775487666 -0.7126503945441833 = 1.0316284531669682 @ 48232 63593.91975402832 1
0.5963391307661432 -0.7260151330758599 = 0.25811958469641516 @ 46914 61829.75625991821 1
-0.08985279146848885 0.712624065739119 = 1.0316284441254655 @ 47220 62271.90089225769 1
-1.7012786736667866 0.7961362856863027 = 0.21541216097741367 @ 24812 32601.22299194336 1
0.08983947153339586 -0.7126513280376738 = 1.0316284532666797 @ 49490 65215.95048904419 1
-0.08984542368156365 0.7126293455123618 = 1.0316284473571609 @ 49974 65812.46423721313 1
-0.46041804774733963 -0.5262585324886098 = -0.19805325413620123 @ 47354 62439.93353843689 1
-0.08985479994401765 0.7126307335024966 = 1.031628447128406 @ 47632 62784.900188446045 1
-1.7006947545111466 0.794546863997338 = 0.21536137625998208 @ 31034 40966.55893325806 1
0.1476768055633189 0.087815602524701 = -0.06859831755253773 @ 46690 61550.75693130493 1
-0.06094460794086924 -0.057565993037660704 = -0.005124916126408736 @ 42076 55566.547870635986 1
0.08984122510071892 -0.7126518755782782 = 1.0316284533231672 @ 48858 64373.945474624634 1
0.08981938710159526 -0.71263934182706 = 1.031628449496388 @ 49130 64771.920919418335 1
-0.08983820680039772 0.7126375936030218 = 1.0316284506078086 @ 49010 64620.919704437256 1
-0.08985038759282349 0.7126314192758735 = 1.031628447895877 @ 49028 64643.91994476318 1
-1.6007905441254195 0.21424697497739792 = -1.55120255114759 @ 8860 11063.688278198242 1
-0.4157639675120147 -0.5415021693604094 = -0.026572789120328233 @ 46328 61100.7559299469 1
-0.6405225707313005 0.6358564191704078 = 0.06003473031901563 @ 48354 63748.920917510986 1
1.7017356717100824 -0.7951841962688138 = 0.2154231476214752 @ 49908 65731.46343231201 1
1.701579090759475 -0.7950404365033323 = 0.21541465970181628 @ 49968 65805.46355247498 1
-0.0766144724355076 0.7151580399368256 = 1.030860129353 @ 49942 65773.46396446228 1
0.6636675775383329 -0.74406391393766 = 0.09940515355295154 @ 2318 1975.0192165374756 1
0.08983889034997485 -0.7126498983354551 = 1.0316284531256867 @ 47026 62028.78761291504 1
-0.08984057679709798 0.7126363481739344 = 1.0316284502171011 @ 49906 65729.46310043335 1
-0.1681251298747363 -0.2614448887756896 = 0.09937557022219023 @ 44578 58817.07572937012 1
0.45265116409076367 0.5082448365139671 = -0.19798746057385486 @ 44864 59170.61424255371 1
1.5885859583376174 0.5675794348058127 = -2.1058355773642874 @ 34072 44956.80332183838 1
0.0898389626785949 -0.7126501619329155 = 1.031628453153666 @ 47936 63163.90109062195 1
0.08983769470075607 -0.7126519688735597 = 1.0316284532753117 @ 42112 55610.546350479126 1
-0.08985020185634662 0.7126319769648398 = 1.0316284481427194 @ 49752 65539.49666023254 1
-0.08985051718339399 0.7126260931290497 = 1.0316284454272513 @ 49848 65657.46331214905 1
-1.7016163545837526 0.7968570847669314 = 0.21541789639675502 @ 45528 60055.58276176453 1
0.0898390818061029 -0.7126517353875721 = 1.0316284532916475 @ 41916 55307.54804611206 1
0.08983950077613834 -0.7126517853420495 = 1.0316284533022566 @ 49882 65699.49221611023 1
1.7015644287455434 -0.7974930216711242 = 0.21539897824037013 @ 46334 61108.75582695007 1
-0.08983535394629905 0.712636183777738 = 1.031628450103883 @ 46970 61899.75643157959 1
-0.08985086239003122 0.71262501009446 = 1.0316284448366373 @ 49398 65101.95064544678 1
-0.729781284372264 0.003906898352028214 = -1.5821161079394501 @ 11804 15036.01861000061 1
1.7018764877929493 -0.7951435898809449 = 0.2154270713808507 @ 46790 61675.75716972351 1
-0.08985267715792213 0.7126267676052276 = 1.0316284455386404 @ 48966 64507.92169570923 1
0.0898401118273944 -0.7126520128741736 = 1.0316284533263005 @ 48570 64017.91977882385 1
0.08983882864866305 -0.7126513299281076 = 1.031628453255742 @ 49750 65537.46676445007 1
0.08983940080939343 -0.7126509669355547 = 1.0316284532354791 @ 45582 60122.58267402649 1
-0.08985082159645538 0.7126296277425141 = 1.0316284470808614 @ 49728 65509.464502334595 1
1.5239515227136722 -0.10492102002665275 = -1.9350290937022638 @ 37918 50005.21421432495 1
0.0898443926761506 -0.7126546510169822 = 1.0316284534384963 @ 38654 50976.26972198486 1
0.08984200528787956 -0.7126529027804601 = 1.0316284533895748 @ 47616 62765.92826843262 1
0.4489420094827542 0.6260189347906026 = -0.05140757087010117 @ 3722 3924.5967864990234 1
0.08983838693783672 -0.7126510754108891 = 1.0316284532255 @ 47920 63142.900228500366 1
0.08984014597451019 -0.712651389090442 = 1.0316284532797793 @ 46908 61821.757555007935 1
-0.08984426777722504 0.7126319623369555 = 1.0316284485233849 @ 48022 63329.90050315857 1
-0.46132131253045305 -0.579285179523452 = -0.1347545223918014 @ 28304 37367.833614349365 1
0.08984054071821479 -0.7126530619245 = 1.031628453394931 @ 49462 65180.94611167908 1
0.6585602521849387 -0.760384842180242 = 0.10931237080707223 @ 42810 56497.54762649536 1
-1.69902430941405 0.7957016798964154 = 0.2152652500420501 @ 43404 57298.057079315186 1
-1.7027357036012996 0.7973697091357643 = 0.21543690308407804 @ 33086 43644.29545402527 1
0.08983989595684654 -0.7126508951834141 = 1.0316284532356386 @ 47292 62361.900806427 1
0.08983856207375648 -0.7126515668956908 = 1.0316284532686097 @ 49234 64899.92332458496 1
1.702429025682203 -0.7948686305583004 = 0.21543552000011068 @ 43264 57122.05696105957 1
-1.6999806154750376 0.7965172369273681 = 0.2153354954686626 @ 48460 63881.92081451416 1
0.6082865854962531 -0.7539866767876902 = 0.23044642270054816 @ 22516 29601.6948223114 1
-1.700224200467638 0.796361356576782 = 0.21535350459109526 @ 47590 62733.93368721008 1
1.7016004292191613 -0.7951577574061885 = 0.2154178041627992 @ 45804 60397.58372306824 1
0.08983772503692673 -0.7126509027331758 = 1.0316284531940327 @ 47586 62728.90043258667 1
0.08984090071944598 -0.7126525545446651 = 1.031628453368048 @ 48986 64533.95175933838 1
-0.08985896227198326 0.7126414178885675 = 1.0316284502770623 @ 47904 63121.90008163452 1
-1.7015107295883327 0.7967390601546287 = 0.21541585883769143 @ 30564 40310.02688407898 1
-0.08985207157984271 0.7126383639955737 = 1.0316284502492787 @ 49964 65800.46486854553 1
0.09004117124087985 -0.7126557993700948 = 1.031628298737722 @ 49660 65426.91969871521 1
-0.08985231149336748 0.7126205866700892 = 1.0316284422030084 @ 49922 65748.46386909485 1
0.08983854477007731 -0.712652351192999 = 1.0316284533225903 @ 49296 64975.91972351074 1
-1.7002408386002992 0.7964017037267369 = 0.21535416515638783 @ 42950 56674.05724525452 1
-1.413934074305443 0.11435697695609706 = -2.053663564290641 @ 8746 10913.689374923706 1
0.08983885843428233 -0.7126512517692845 = 1.0316284532500297 @ 48130 63464.919567108154 1
0.08983938997579313 -0.7126516988205183 = 1.031628453294172 @ 49824 65627.49695777893 1
-0.08984988551062607 0.7126310494384573 = 1.031628447784866 @ 46408 61199.787616729736 1
-0.08987612660656683 0.712632221709659 = 1.0316284433397487 @ 48640 64103.94644737244 1
-0.08985083132503621 0.7126336231288042 = 1.031628448736457 @ 49710 65487.49661445618 1
-0.08984441606942337 0.7126309915574158 = 1.0316284481184403 @ 49952 65785.46357154846 1
1.7007232368105318 -0.7943444603303342 = 0.21535606686221487 @ 39062 51551.31673812866 1
-0.08984895519581498 0.7126320045346091 = 1.031628448257924 @ 49354 65048.92015457153 1
-1.61589315658928 0.11447320166085113 = -1.8242450890893926 @ 12914 16521.00372314453 1
-0.08983981593202003 0.712632739452325 = 1.0316284489375958 @ 49040 64657.920360565186 1
0.08983793954653035 -0.7126509485734842 = 1.0316284532037712 @ 48866 64383.91995429993 1
0.08748369174968422 -0.7086247267557516 = 1.0314839059779877 @ 47638 62792.90318489075 1
0.08983919803624876 -0.7126516833099616 = 1.031628453289852 @ 48112 63442.92092323303 1
-0.6687893486170429 0.6701278439670857 = 0.038978533344200095 @ 43280 57142.05741882324 1
0.08984094403431284 -0.7126520696254511 = 1.0316284533362778 @ 48522 63957.950592041016 1
0.08983866992450755 -0.7126512647035603 = 1.031628453247272 @ 48508 63940.919399261475 1
-0.089849002122589 0.7126352716478419 = 1.0316284494951449 @ 49806 65605.49759864807 1
-0.08984407415231183 0.7126334329328219 = 1.0316284491053387 @ 47370 62458.900690078735 1
0.0898382220482565 -0.7126519583270268 = 1.0316284532889188 @ 47484 62599.92718696594 1
-1.5415399081828578 0.11087689791305924 = -1.9002415892429023 @ 13190 16939.003467559814 1
1.702904618449047 -0.7951749755868136 = 0.21545051774113977 @ 44950 59279.58559989929 1
-1.6089450171013233 -0.5949550004331781 = -2.107084564409756 @ 25958 34097.24164009094 1
0.48444394867604473 0.614919371067203 = -0.18469688446229626 @ 37726 49764.18209075928 1
1.7012079523254529 -0.7956507469934664 = 0.21540808462740235 @ 46196 60937.615156173706 1
0.08983081367693885 -0.7126366212590146 = 1.0316284500179729 @ 48996 64545.91965675354 1
-1.6999427111344358 0.7961881132239266 = 0.21533606158826468 @ 45234 59692.61455535889 1
0.0898401841000509 -0.7126523452847842 = 1.0316284533494224 @ 46066 60778.61523628235 1
-0.08984826008092288 0.712635577904843 = 1.0316284496562502 @ 49880 65697.49736785889 1
1.69799255570135 -0.18451493002515773 = -1.620170989644319 @ 1000 10.00070571899414 1
-0.08985544326209947 0.7126311313189196 = 1.0316284472174269 @ 41718 55062.57891654968 1
0.0898371370760636 -0.7126472951737288 = 1.0316284527622943 @ 46864 61765.78164100647 1
-0.08985663719349837 0.7126357815964595 = 1.031628448872276 @ 44044 58159.07645225525 1
0.08983927802068208 -0.7126512897350936 = 1.0316284532605902 @ 48650 64116.91951751709 1
0.0898394327306472 -0.7126517291428676 = 1.0316284532970885 @ 48820 64326.950550079346 1
0.08983778222509975 -0.7126494412279902 = 1.0316284530526516 @ 46336 61110.755920410156 1
-0.08984050164991933 0.7126357983916748 = 1.0316284500355253 @ 49540 65278.921127319336 1
1.7004294031716467 -0.7932367876896698 = 0.21528652917958857 @ 39056 51544.3172454834 1
1.7031550582291366 -0.7950205706378259 = 0.21544970702618715 @ 48912 64440.953969955444 1
0.0898394597916883 -0.7126516580023555 = 1.0316284532921982 @ 48922 64452.91972160339 1
0.0898347904629786 -0.7126472796238856 = 1.0316284526707722 @ 49492 65217.95201301575 1
1.7011857466553053 -0.7943316467841373 = 0.21537803456448334 @ 49706 65482.49626159668 1
0.5488707827917947 0.6303969346005924 = -0.4116737590571401 @ 49332 65021.921157836914 1
0.08983897920840592 -0.712650330496221 = 1.031628453170441 @ 48298 63677.92057991028 1
1.7028875305516553 -0.7928073775861092 = 0.21534137532597553 @ 34340 45299.803256988525 1
0.08984028059661736 -0.7126519659022801 = 1.0316284533246365 @ 49110 64746.95110321045 1
-0.0898430159029783 0.7126291762478081 = 1.0316284473883275 @ 48614 64072.95083999634 1
1.6689259742652036 -0.17208672218500307 = -1.6501609247950761 @ 27770 36628.291606903076 1
-1.599405385821595 -0.598383213046894 = -2.107866818171559 @ 32790 43210.293769836426 1
0.6525838531614996 -0.7868266618186904 = 0.10838611515002372 @ 48204 63557.9195022583 1
1.7028379424599616 -0.7957036858211748 = 0.21545686528252794 @ 49118 64756.919622421265 1
-0.08984770333733602 0.7126297239972385 = 1.0316284473832935 @ 49258 64929.956912994385 1
0.08983863024857716 -0.7126509295301 = 1.0316284532184425 @ 49202 64860.9504699707 1
-0.08722062961091073 0.7039876866573618 = 1.0310163960680065 @ 48392 63796.92053794861 1
-1.7001994929661053 0.7964474221348411 = 0.21535099933871882 @ 48980 64526.920557022095 1
-0.0898413461675534 0.7126354658037191 = 1.03162844991238 @ 49052 64673.919677734375 1
-0.08985483485961564 0.712629540541472 = 1.0316284465955565 @ 49886 65704.49471473694 1
-1.53986374794493 -0.5208963723564632 = -2.1327272481783193 @ 17860 23147.58062362671 1
-0.08984005882979387 0.712631519809822 = 1.031628448453313 @ 48068 63387.91561126709 1
-0.08961814450677899 0.7124214867757415 = 1.03162785891103 @ 49874 65690.46354293823 1
1.7001115025145621 -0.7924158771117653 = 0.21521063455234768 @ 48476 63901.95941925049 1
0.059040004288022835 0.1719598524371137 = 0.09071328122812447 @ 24098 31722.22113609314 1
0.5178758612280481 -0.11859626731463635 = -0.8112743848076629 @ 43970 58007.057189941406 1
-0.08984115812384962 0.7126258023740067 = 1.0316284458452476 @ 46470 61277.756690979004 1
-0.09008955218081882 0.7121286412131564 = 1.0316258047143496 @ 49690 65462.92018890381 1
1.7031284128198592 -0.7926430439731211 = 0.21533111118603376 @ 47550 62683.900356292725 1
1.6084674936044796 0.5597231377987053 = -2.10454045050371 @ 35174 46437.31355667114 1
-0.08984611264155093 0.7126401518514589 = 1.0316284511950375 @ 46730 61601.75704956055 1
0.08958873564803178 -0.7126810202708674 = 1.0316281921852313 @ 49376 65074.91970062256 1
0.08983994823706734 -0.7126523138100487 = 1.0316284533447642 @ 49284 64961.95030212402 1
-0.08985399997091946 0.7126343746353845 = 1.0316284486920164 @ 45788 60377.58278846741 1
-1.7012215881876922 0.7962922883881153 = 0.2154087775264566 @ 39326 51880.28359413147 1
-0.08984263508933323 0.7126333438760017 = 1.0316284491198242 @ 49360 65055.91940879822 1
-0.08984518369548264 0.7126322265295595 = 1.0316284485876421 @ 48414 63824.91970062256 1
-0.08985698504039434 0.7126330033984082 = 1.031628447781898 @ 47404 62501.901149749756 1
0.08983867579267601 -0.7126503951297279 = 1.031628453170925 @ 46956 61882.75599479675 1
0.0898378179190616 -0.7126497752528242 = 1.0316284530893463 @ 47014 62012.75587081909 1
-0.0898554687335118 0.7126363709223535 = 1.031628449228402 @ 49626 65383.91995429993 1
-0.08983813469561798 0.7126330965984391 = 1.0316284490735388 @ 47932 63158.90026092529 1
-0.9348827963224831 0.7158861224973307 = -0.4457640021702527 @ 43396 57288.058280944824 1
-0.775387901017472 0.7744230520892217 = -0.1575611904356412 @ 42728 56394.57845687866 1
-0.0898306224467784 0.7126388372092164 = 1.0316284506573794 @ 48396 63801.91993713379 1
-1.5543277777589575 -0.5982554092539226 = -2.1176221775495816 @ 38174 50388.75961303711 1
0.08984167098678031 -0.7126525322938263 = 1.0316284533680524 @ 48850 64364.920139312744 1
-0.019069612846519743 0.10528404080562036 = 0.04440083515496836 @ 32744 43152.29296684265 1
1.7028966716548588 -0.793859799849491 = 0.2154053016028079 @ 47416 62515.90323448181 1
1.6234699174901617 -0.2674357846325147 = -1.3578126491544023 @ 16068 20818.056344985962 1
-0.08984583176974562 0.7126297288785333 = 1.0316284475047584 @ 48782 64280.95030784607 1
-0.6798964352699297 0.5324137175574151 = -0.2587914875894747 @ 38902 51290.28558731079 1
0.9156064888009137 -0.03461750591725775 = -2.0373603323196225 @ 18202 23654.58035469055 1
1.700626998110827 -0.7956642623022459 = 0.215378828128868 @ 49152 64798.95067214966 1
-0.08983457279117452 0.7126411786632114 = 1.0316284514892922 @ 48608 64065.95063209534 1
-1.7008352133612883 0.7965046003075733 = 0.21538773041317671 @ 33664 44371.803522109985 1
-0.08984630858848475 0.7126154423976032 = 1.0316284395033335 @ 44320 58502.10666656494 1
-0.08985140977493916 0.7126265139769298 = 1.0316284455493137 @ 49456 65172.91975021362 1
-0.08984235644781957 0.7126368665184009 = 1.031628450357221 @ 49852 65662.46366500854 1
1.6484962541128079 -0.03593225241886554 = -1.986917370029211 @ 24256 31918.25270652771 1
0.08983910531921768 -0.7126523456467416 = 1.031628453333901 @ 49762 65551.4943599701 1
-0.08985015106471128 0.7126249128096608 = 1.031628444855191 @ 48424 63837.921142578125 1
0.08983962158376246 -0.7126516690625563 = 1.0316284532953817 @ 47060 62071.900606155396 1
0.08983915108690264 -0.7126514979242513 = 1.0316284532749536 @ 49702 65477.94556617737 1
0.705099202118094 -0.6860323277709345 = -0.030285408984047968 @ 29316 38691.48325920105 1
0.08983830855476514 -0.7126513534711363 = 1.0316284532462765 @ 49108 64744.951009750366 1
0.08973466565414315 -0.7125733498680872 = 1.0316283609983505 @ 49352 65045.91989517212 1
-0.08984780236204504 0.7126305885406485 = 1.0316284477528497 @ 49076 64705.95026016235 1
0.08983774399497585 -0.7126492630538487 = 1.0316284530318363 @ 47102 62123.93116950989 1
-0.08985492635188247 0.7126300433083721 = 1.0316284468095263 @ 48408 63816.92028045654 1
0.6336596609821799 -0.7713965434781913 = 0.1635525576309913 @ 13134 16868.00456047058 1
0.08983936581348448 -0.7126507862948944 = 1.0316284532190798 @ 49592 65341.91966056824 1
-0.08984493653571476 0.7126268278642087 = 1.0316284462074692 @ 49776 65568.4974193573 1
0.08983781369678565 -0.7126514861268146 = 1.031628453243796 @ 49630 65388.91959190369 1
-0.08985390345167643 0.7126350505365117 = 1.0316284489512673 @ 47970 63204.9024105072 1
-0.08984357505430705 0.7126280051488936 = 1.0316284468322605 @ 47308 62382.93242454529 1
-0.0898427397124814 0.712631426686856 = 1.031628448361347 @ 49548 65288.91968727112 1
-0.7218458216498287 0.7133073902753517 = -0.04665436265041645 @ 45918 60536.633014678955 1
-0.08986358229310484 0.712626226870799 = 1.0316284435685716 @ 49854 65664.49451446533 1
-0.08985066770766967 0.71262769507672 = 1.031628446200662 @ 48786 64284.950494766235 1
1.7027003807120962 -0.7955618681111267 = 0.21545341927713602 @ 41476 54760.577917099 1
1.702423358308466 -0.7949869784139565 = 0.21543832013473208 @ 43812 57812.05677986145 1
0.4757802996669377 0.5785598613548057 = -0.1862480065556955 @ 39494 52092.28515625 1
0.0898396515426432 -0.7126513875725335 = 1.0316284532739861 @ 49422 65131.920337677 1
-0.08983337774042743 0.7126379841299202 = 1.0316284505800863 @ 47972 63206.90202713013 1
-0.08984288866864583 0.712630621948861 = 1.0316284480215139 @ 49972 65810.46390533447 1
-0.08985377932382725 0.7126336730446257 = 1.0316284484519123 @ 48578 64027.95147895813 1
-0.08985069924897564 0.7126254928232206 = 1.0316284451033801 @ 48972 64515.920639038086 1
-0.08985377395311889 0.7126353844483039 = 1.0316284490857561 @ 41756 55109.57860946655 1
0.08983745820518337 -0.7126530065210658 = 1.0316284533299922 @ 38396 50661.269187927246 1
0.08984053401548517 -0.7126517914979922 = 1.0316284533140196 @ 49746 65531.49700164795 1
0.08983925543919566 -0.7126506807827416 = 1.0316284532078677 @ 48874 64392.95291900635 1
0.08983921728468412 -0.7126512878145805 = 1.0316284532594355 @ 49446 65160.92085838318 1
0.0898385893397665 -0.7126526849496326 = 1.031628453343701 @ 49200 64857.95021057129 1
0.08983943659420308 -0.7126515869620842 = 1.0316284532864652 @ 49692 65465.95048904419 1
0.08972459180679779 -0.7125503778306888 = 1.031628320142119 @ 49090 64722.95165061951 1
-0.08984573111485 0.7126267473889756 = 1.0316284461240648 @ 48296 63675.92191696167 1
0.08983916999306588 -0.7126516430857592 = 1.0316284532863578 @ 49356 65050.91953277588 1
-1.7001184977037767 0.7962195544295649 = 0.21534776362289032 @ 48110 63440.92011451721 1
-1.7001776113791727 0.7966710903909022 = 0.2153464231048704 @ 40752 53716.975688934326 1
1.6403176084475022 -0.16815908062189916 = -1.6667744350388118 @ 39796 52466.315031051636 1
0.5949442322035028 -0.6778353473399461 = 0.22918595525614416 @ 46914 61829.75625991821 1
-0.08984765489518685 0.7126335679962043 = 1.0316284489669796 @ 49932 65761.46364212036 1
0.3703120158300345 0.48848447311646814 = 0.03593097990030225 @ 49004 64613.92068862915 1
-0.09105973824997456 -0.14940908787690407 = 0.04067056309666364 @ 39620 52248.30937385559 1
0.08983886555969382 -0.7126510363166013 = 1.0316284532322888 @ 48338 63727.919816970825 1
-0.0898445915062801 0.7126309013015177 = 1.031628448072714 @ 48114 63445.92094421387 1
0.08983906959217822 -0.712651539844934 = 1.0316284532767388 @ 49228 64891.953468322754 1
1.7018752400659638 -0.795670505595307 = 0.21543410153586595 @ 45698 60264.61362838745 1
0.4419978853464225 0.5399433195444573 = -0.11626269535948608 @ 14440 18599.51090812683 1
0.08983734512602146 -0.7126514159716266 = 1.0316284532245388 @ 46382 61167.75631904602 1
-1.5940094220816352 0.08975470216929982 = -1.8987737096796187 @ 40126 52938.432455062866 1
0.0898385410190967 -0.7126508587487963 = 1.0316284532104059 @ 49390 65091.91966056824 1
-0.08985522238791821 0.712627898063537 = 1.0316284457794502 @ 48834 64344.95306015015 1
-0.08982126148833343 0.7126454653854146 = 1.0316284510583198 @ 44368 58561.10763549805 1
0.08983964226570887 -0.712651709210693 = 1.0316284532986721 @ 49946 65777.46343612671 1
-0.08984559914266044 0.7126290754952602 = 1.0316284472264097 @ 48914 64442.950963974 1
-0.6466883617950481 0.698164216743161 = 0.12094063115537368 @ 49046 64665.950298309326 1
-0.08985311912194585 0.7126326094973827 = 1.0316284481088005 @ 45496 60015.61403274536 1
-0.08984150475805397 0.712628674052978 = 1.0316284472066457 @ 47642 62797.931432724 1
-1.69858537474686 0.7955778754768001 = 0.21522512668910165 @ 47724 62899.93405342102 1
-0.08983734042816374 0.7126316166774167 = 1.031628448489669 @ 44680 58945.077657699585 1
-0.6325768213237112 0.7937210472101972 = 0.14878290025052776 @ 25702 33775.24399757385 1
0.08983944199996272 -0.7126518143828385 = 1.0316284533034779 @ 45798 60389.58382606506 1
0.0897269937994413 -0.7125698742079708 = 1.0316283505582835 @ 49530 65265.95067977905 1
-0.08985299408690556 0.7126355464612752 = 1.0316284492286258 @ 49860 65672.49751091003 1
0.08983997863328519 -0.7126511917259019 = 1.0316284532619482 @ 48842 64354.95090484619 1
-1.7007423379322288 0.7966504616065789 = 0.21538070053518577 @ 42348 55908.546686172485 1
0.08984127038208084 -0.7126535177098956 = 1.0316284534216955 @ 49898 65719.46358680725 1
-0.08985379966528692 0.7126251130945136 = 1.0316284445622026 @ 46622 61465.78407287598 1
0.08984011981651788 -0.7126511434491114 = 1.0316284532593263 @ 49562 65305.92131614685 1
0.08984119528754607 -0.7126520458636973 = 1.0316284533353655 @ 48780 64277.95052528381 1
0.08984182157050138 -0.7126519618349649 = 1.0316284533290632 @ 49616 65371.95014953613 1
-0.08984753891042285 0.7126268173692878 = 1.031628446039638 @ 49156 64803.951025009155 1
-0.08983700596884212 0.7126369164945889 = 1.031628450380186 @ 49914 65738.46340179443 1
0.08983852010969863 -0.7126511916323934 = 1.031628453238111 @ 47466 62576.931953430176 1
0.08983824755773936 -0.7126526236397139 = 1.0316284533318587 @ 46210 60954.615354537964 1
0.3246142361429286 0.40354790884732333 = 0.015754860083444955 @ 46572 61403.78785133362 1
1.118841511002186 0.04037989557092631 = -2.409020566443711 @ 7158 8740.150451660156 1
-0.08985514423271215 0.7126322096703097 = 1.0316284477068987 @ 47080 62096.90046310425 1
0.5896389131600779 -0.6384147979849566 = 0.191400935251423 @ 25758 33844.24161911011 1
-1.5218123767596452 0.1930692561320691 = -1.7034706655119236 @ 18740 24392.09246635437 1
0.08983884006958563 -0.7126515825660817 = 1.031628453275634 @ 48938 64472.91970252991 1
-1.6966856979073364 0.7946392958524496 = 0.21499930788219546 @ 38716 51058.26687812805 1
0.089549696632371 -0.7125601871907117 = 1.0316280726631373 @ 47280 62346.90165519714 1
-1.700936440065018 0.7964151205455334 = 0.2153939846957853 @ 48050 63364.9001121521 1
-1.7018105632170775 0.7965306910483734 = 0.21543008572903088 @ 47730 62906.90040588379 1
-0.08984704058472813 0.7126307906242125 = 1.0316284478907558 @ 48406 63814.91994857788 1
-0.08984811337483978 0.712632667285695 = 1.0316284485865377 @ 49432 65143.919467926025 1
0.08983909522937496 -0.7126507651596214 = 1.0316284532128428 @ 48398 63804.92091178894 1
-0.7057848500500744 0.7555929661667435 = 0.0005216380121457753 @ 48988 64535.922050476074 1
-0.6176175932073613 -0.6333041916455793 = -0.6690310916295764 @ 24384 32078.25255393982 1
-1.70120183205924 0.7966235878525387 = 0.21540429690749918 @ 46216 60962.61644363403 1
0.6713683260519652 -0.7574984689661289 = 0.07994761067132017 @ 40302 53156.00085258484 1
0.08984100894802899 -0.7126517038810506 = 1.0316284533098352 @ 44012 58120.07784843445 1
-0.089841134942956 0.7126357382747692 = 1.0316284500081132 @ 49834 65640.49649238586 1
0.08984001693781055 -0.7126520921914696 = 1.0316284533307687 @ 48048 63362.90168762207 1
1.7019469852965465 -0.795092649560422 = 0.21542825919760866 @ 49018 64630.91993331909 1
1.6026811214209749 0.5692389944153635 = -2.104341929047047 @ 22980 30182.716369628906 1
0.08984055825360202 -0.7126520453477465 = 1.031628453332461 @ 48484 63910.92252731323 1
-0.09049502100243725 0.7123485962395293 = 1.0316258147064366 @ 49564 65307.92188644409 1
0.029562344069781674 -0.6639927462942186 = 1.0021573705826552 @ 48432 63847.91946411133 1
0.08983885355740637 -0.7126512474281208 = 1.031628453249582 @ 49132 64774.96075630188 1
-1.7013080358056059 0.796572681887572 = 0.21540979550944095 @ 48718 64200.950622558594 1
1.6986904451343152 -0.7951048811210306 = 0.2152293629770422 @ 46538 61363.75617980957 1
-0.08984860548894456 0.7126313125873511 = 1.0316284479999365 @ 49450 65165.92216491699 1
-0.08984898921380997 0.7126297293145318 = 1.0316284472878494 @ 48828 64337.92209625244 1
-1.7022453020409758 0.7962419289189027 = 0.21544567914886692 @ 44426 58631.07681274414 1
0.49638647051645235 0.5759386744057766 = -0.26226842763402936 @ 40134 52948.43077659607 1
1.6964038088551954 -0.8717412925986046 = 0.14461629882491567 @ 46654 61506.75559043884 1
-0.0898495352687875 0.71263182756146 = 1.0316284481387574 @ 45072 59487.58554458618 1
0.08980360474827564 -0.7126416061291807 = 1.0316284465139534 @ 49820 65622.49732017517 1
-0.0898525575834504 0.7126239112783631 = 1.0316284440688464 @ 47300 62372.93362617493 1
-0.08984467273995855 0.7126294977042268 = 1.0316284474629065 @ 49342 65033.95462036133 1
0.089836936892191 -0.7126505105370853 = 1.031628453134995 @ 49622 65378.950357437134 1
1.7026204900909592 -0.7944684177218666 = 0.2154269590687401 @ 47918 63139.90044593811 1
-0.089833496593795 0.7126461927183123 = 1.0316284524403587 @ 45704 60272.61424064636 1
-0.08986158639543065 0.7126402895046825 = 1.031628449554657 @ 41666 54997.54810333252 1
-0.0898495075215802 0.7126311510123495 = 1.0316284478599473 @ 49714 65492.49720573425 1
1.7023222648411067 -0.7948541377968978 = 0.2154327714615185 @ 33034 43579.29539680481 1
0.08984059334798414 -0.7126521623059932 = 1.0316284533407705 @ 49274 64948.92239570618 1
1.616189655403102 -0.10583197585351727 = -1.8454646661509782 @ 31194 41164.58964347839 1
-0.08984277902803754 0.7126307081675394 = 1.031628448061451 @ 49958 65793.46466064453 1
-0.44704808971942767 -0.54608758654345 = -0.12519456916715954 @ 38612 50924.293994903564 1
0.08973597587718037 -0.7123836046097537 = 1.0316278293871466 @ 49500 65227.95248031616 1
1.7016096066194073 -0.7958062651844688 = 0.21542558576813153 @ 42646 56289.5770072937 1
-0.08985226072692659 0.7126315339100173 = 1.0316284477610604 @ 49904 65726.46355628967 1
-0.08985801212579725 0.7126367676207964 = 1.0316284490205947 @ 45634 60187.58273124695 1
-1.7001948427655627 0.7960769423477054 = 0.2153534461471519 @ 49976 65814.4633769989 1
-0.08984383614329351 0.7126343946064 = 1.031628449470363 @ 49984 65824.46479797363 1
0.6283248708631448 -0.8042973405401275 = 0.14667668981742754 @ 42402 55977.54645347595 1
0.11096856532592533 -0.7170906110508195 = 1.0298275242310122 @ 47780 62968.90115737915 1
-1.5984771748943116 -0.6167056623525218 = -2.1139000695915855 @ 46750 61626.78670883179 1
-0.0898485546425761 0.7126283332178961 = 1.0316284466873762 @ 49582 65329.9195766449 1
-0.08984901435734209 0.7126356059234216 = 1.03162844961133 @ 47248 62306.901931762695 1
1.59343606339238 0.574909181398226 = -2.105177280174162 @ 47888 63101.927042007446 1
1.6039459023862261 0.5741481846971854 = -2.1043956472776006 @ 44392 58589.07747268677 1
-0.08984609480732428 0.7126336069928294 = 1.031628449076475 @ 49510 65240.92245101929 1
-1.6333148916238427 0.19870980709128275 = -1.5779666129780208 @ 3164 3196.058988571167 1
0.08983854543371689 -0.7126531493107509 = 1.0316284533675857 @ 48036 63347.90062904358 1
0.08983913273856689 -0.7126512719484497 = 1.0316284532567115 @ 49754 65542.49453544617 1
0.08984146896895451 -0.7126517916154962 = 1.0316284533170916 @ 48886 64407.95350074768 1
0.0898393066307012 -0.7126513877901883 = 1.0316284532689184 @ 49872 65687.4635219574 1
0.08984203868107359 -0.7126543202463442 = 1.0316284534542977 @ 44090 58216.076612472534 1
-0.6534688234451227 0.7728159154966148 = 0.11607321996996334 @ 39966 52679.4011592865 1
0.08984002965921542 -0.7126523331507865 = 1.0316284533469702 @ 48452 63872.95079231262 1
-0.08985912999022652 0.7126346796758414 = 1.0316284481114457 @ 49988 65828.46474647522 1
0.08983777209437324 -0.7126510049388277 = 1.0316284532040267 @ 48998 64547.919511795044 1
0.6435204858278626 -0.717924370774513 = 0.14103893306635407 @ 29964 39503.995418548584 1
0.08984113130397557 -0.7126514640282346 = 1.0316284532914404 @ 49828 65632.49588012695 1
0.08984008831092649 -0.7126521381254252 = 1.0316284533346893 @ 49014 64625.92053413391 1
0.08983788839968171 -0.71265162446181 = 1.0316284532562658 @ 47360 62446.932554244995 1
-0.08984430548132355 0.7126341333198268 = 1.0316284493571668 @ 49784 65578.49717140198 1
1.5971942695234342 0.5844099851362017 = -2.1055227141669515 @ 23812 31300.254821777344 1
0.08983867916648322 -0.7126514733420111 = 1.031628453263971 @ 49464 65182.947874069214 1
-0.08984853837801252 0.7126329297486853 = 1.0316284486587062 @ 49892 65712.46337890625 1
0.08983887065098876 -0.7126503125104764 = 1.031628453166751 @ 47180 62222.93138504028 1
0.08983943574918332 -0.7126508454836027 = 1.0316284532253752 @ 49576 65322.92056083679 1
-0.0898509025488222 0.7126349513648635 = 1.0316284492228118 @ 49514 65245.92161178589 1
-0.08985260423741893 0.7126351221184175 = 1.031628449118629 @ 49638 65398.948431015015 1
-1.606768816020955 -0.5793476862799872 = -2.1046887107092678 @ 47650 62807.934045791626 1
-0.08985086346574772 0.7126318040101263 = 1.0316284480116453 @ 49124 64764.92261886597 1
-0.08984111866849478 0.7126304766826315 = 1.0316284480056384 @ 42086 55578.54747772217 1
0.08983985008541981 -0.7126527907186218 = 1.0316284533725937 @ 49732 65514.46604728699 1
-0.08984422666288341 0.7126313514042519 = 1.0316284482761569 @ 49474 65195.92094421387 1
-0.4787901560243517 -0.5749859100152271 = -0.20068969670581027 @ 41242 54467.54813194275 1
0.451604528957433 0.5285571841007296 = -0.16467082020913248 @ 32566 42931.29301071167 1
0.08983823130595334 -0.7126505182748253 = 1.031628453172786 @ 49604 65356.95123672485 1
-1.7015159834916533 0.7965080265860855 = 0.2154193535885215 @ 46234 60985.6162071228 1
-0.6684223271296079 0.7206339550803585 = 0.08251464902265293 @ 42576 56199.546813964844 1
-0.08984985395200093 0.7126267104627695 = 1.0316284457977747 @ 46530 61353.75618934631 1
1.701298225691313 -0.7940204966236378 = 0.2153703361994186 @ 41714 55057.57188796997 1
-0.0898464929808776 0.7126275088542311 = 1.0316284464456102 @ 47634 62787.90307044983 1
-0.08984667947719016 0.7126327102429852 = 1.0316284486976446 @ 48292 63668.92051696777 1
-1.701107858622191 0.7960735529405982 = 0.21540452248674657 @ 43810 57809.05628204346 1
0.08983903624408811 -0.7126510666061913 = 1.0316284532380129 @ 48098 63425.92096328735 1
-0.45633395805508337 -0.5473867322680722 = -0.15528812617667198 @ 36842 48600.06594657898 1
-0.08985570585991873 0.712631676233815 = 1.0316284474135842 @ 44890 59202.58331298828 1
-0.08983010763809862 0.7126408842616228 = 1.0316284511498894 @ 49770 65561.49697303772 1
-0.034254059912807534 -0.142382643720582 = 0.06987966495741864 @ 40860 53919.976234436035 1
0.08983935361541212 -0.7126519884980009 = 1.031628453314455 @ 47752 62934.93103981018 1
0.0898020746351835 -0.7126418713157123 = 1.0316284461223222 @ 48994 64542.919635772705 1
-0.051263039798389934 -0.19447632655973185 = 0.12509589319952213 @ 38258 50494.29702758789 1
0.08983959665954208 -0.7126506677217646 = 1.0316284532116042 @ 47604 62751.93119049072 1
-0.08984514926833068 0.7126302407772345 = 1.0316284477645516 @ 49344 65036.919593811035 1
0.10472648298319312 -0.728195808147685 = 1.02897812605437 @ 49292 64970.95036506653 1
-0.760036542023673 0.7601439752137371 = -0.12061947595206723 @ 44878 59187.61396408081 1
-0.08984898234334128 0.7126233756280901 = 1.0316284441380141 @ 49328 65016.95108413696 1
1.7018488171802937 -0.7956137054703087 = 0.21543277477323242 @ 42314 55864.54677581787 1
0.08983856319838292 -0.7126521551256935 = 1.0316284533103632 @ 49802 65600.49629211426 1
0.14443557544219127 0.2324483408312002 = 0.08834155499304154 @ 20230 26501.15466117859 1
0.08984071833923851 -0.7126509680508772 = 1.0316284532484836 @ 45400 59898.608446121216 1
-0.08985168265927335 0.7126339641810588 = 1.0316284487852863 @ 49826 65630.49578666687 1
-0.08985654917645222 0.7126427700342007 = 1.0316284509459566 @ 49188 64842.95034408569 1
0.08983857577122686 -0.712650446307393 = 1.0316284531737225 @ 47992 63231.900215148926 1
-0.08984586965866548 0.7126384180476043 = 1.0316284507137592 @ 49724 65504.49466705322 1
0.08983994321633584 -0.712652396702874 = 1.0316284533500275 @ 49858 65669.49653625488 1
-1.7005439507505566 0.7965165712000848 = 0.21537137102944004 @ 45872 60479.599714279175 1
-1.7010149774509018 0.7956167977244109 = 0.21539878666858203 @ 38094 50287.75906562805 1
-0.6774745520359338 0.7118044644867142 = 0.05631204715919358 @ 45678 60240.615129470825 1
0.6201459321454581 -0.7636768720687848 = 0.19921180547343065 @ 48142 63478.91974449158 1
1.6074505955281833 0.5646888703369616 = -2.104308002292548 @ 30486 40213.027477264404 1
1.7021261428987717 -0.794315912339502 = 0.21541061683565 @ 48502 63932.91974067688 1
-1.7001789486027135 0.796514115482243 = 0.21534884167522317 @ 46698 61560.75692176819 1
-0.08984539981647369 0.7126311101751756 = 1.031628448120889 @ 49726 65506.49452209473 1
-0.08985481445402885 0.7126311428954655 = 1.0316284473025623 @ 48020 63326.90167427063 1
0.3495454729240828 0.44111213046782416 = 0.014699129212253248 @ 45758 60339.58292007446 1
-0.11281239791568554 -0.2258620986577469 = 0.11759801591875442 @ 29538 38969.02656555176 1
0.4200910907973642 0.521570026288033 = -0.06931438700050396 @ 39328 51882.28368759155 1
-0.08985234167599421 0.7126287512350984 = 1.031628446527053 @ 49574 65319.95129585266 1
1.7005331768321947 -0.7953735588191504 = 0.21537071017935794 @ 39946 52654.404401779175 1
-0.08985181613291418 0.712628536561394 = 1.0316284464831336 @ 45856 60460.60037612915 1
-0.0898480154923183 0.712635412790936 = 1.0316284496154957 @ 49568 65312.9506111145 1
-0.08984241702401508 0.7126335264325141 = 1.031628449194468 @ 48280 63653.92231941223 1
-1.1925192502658204 -0.21391335186744942 = -2.4805321021252285 @ 1000 10.00070571899414 1
0.08983815179478877 -0.7126505898166693 = 1.0316284531774618 @ 47376 62466.9029712677 1
0.08983961415847565 -0.7126500570943151 = 1.031628453152886 @ 49738 65521.46601676941 1
1.5988976580974503 0.5655318901547304 = -2.1046284887553903 @ 37026 48898.06866645813 1
-0.08984164594887464 0.712632507440329 = 1.031628448822315 @ 48058 63374.900579452515 1
-0.08985207190274254 0.7126322927500843 = 1.031628448092691 @ 48304 63685.919761657715 1
-0.08983779640071451 0.7126221162673783 = 1.0316284439386405 @ 44366 58559.107542037964 1
-0.08986221829324237 0.712636181006699 = 1.0316284481410085 @ 49988 65828.46474647522 1
0.08983878282172897 -0.7126511019221835 = 1.0316284532361948 @ 49948 65780.46464920044 1
-0.45671006125527147 -0.5397672442216339 = -0.16665455742875512 @ 40916 53995.97525596619 1
-0.08984286802388815 0.7126353780917218 = 1.031628449849187 @ 49998 65840.46363830566 1
0.08984077126337633 -0.7126525161367663 = 1.0316284533649729 @ 44976 59311.6135597229 1
1.7015657095475865 -0.7947023376641285 = 0.21540567759246154 @ 45398 59896.58308029175 1
0.08983921043132478 -0.7126513329856352 = 1.031628453262962 @ 49312 64995.94521522522 1
-1.7010649241727642 0.7961386133889616 = 0.2154022737176826 @ 49172 64823.95052909851 1
0.6114882555027021 -0.7654681802811073 = 0.2190437049254803 @ 47646 62802.900314331055 1
0.08983953798565664 -0.7126519500737153 = 1.0316284533146367 @ 48034 63345.90005874634 1
0.08983856833448062 -0.7126516246903981 = 1.031628453273099 @ 49674 65443.95041465759 1
-0.08984737685777777 0.71262904337387 = 1.0316284471012447 @ 49486 65210.91961860657 1
0.08983967726789616 -0.7126517929106518 = 1.0316284533053317 @ 47770 62956.92825317383 1
-0.6801214264031268 0.7387763060293777 = 0.06014846672728247 @ 41618 54937.57724761963 1
0.089839956861337 -0.7126531356967478 = 1.0316284533926903 @ 48388 63791.91970825195 1
0.4587156582253575 0.5385691194605771 = -0.1751597737542464 @ 46868 61770.78676223755 1
-0.6728026652505374 0.7296295118260445 = 0.07543572761545692 @ 25702 33775.24399757385 1
-0.08984709520826228 0.7126331747789445 = 1.0316284488528404 @ 48754 64246.954679489136 1
-0.08777305241515518 0.7066144574050885 = 1.0313278246646065 @ 49670 65438.950538635254 1
0.4784491639064225 0.650310408330258 = -0.14452573248585898 @ 30944 40788.55800628662 1
-0.08985245484911589 0.7126386606692786 = 1.031628450301758 @ 49098 64732.919692993164 1
0.018349104750068106 -0.15184470093124064 = 0.09154048004938507 @ 36852 48613.06691169739 1
0.08983957470220702 -0.712651221117973 = 1.0316284532594395 @ 45900 60514.59980010986 1
1.7031083122110673 -0.7961367643786957 = 0.21546139684321308 @ 49118 64756.919622421265 1
0.08983781605056579 -0.7126489240897198 = 1.0316284529945439 @ 47462 62571.9313621521 1
-0.08984551722284981 0.7126360903705584 = 1.031628449992071 @ 48520 63955.95049858093 1
1.702927874958978 -0.7949652424961713 = 0.2154461877470819 @ 49544 65283.95104408264 1
1.7015229985968543 -0.7946738178793922 = 0.21540323402319672 @ 45316 59793.58434677124 1
0.08984569509542736 -0.7126349337139865 = 1.0316284495834753 @ 49708 65485.49699783325 1
0.08984061399365201 -0.7126514381822062 = 1.0316284532873354 @ 49264 64936.91968917847 1
-0.6102262028409953 0.7245861967288976 = 0.22413485995147386 @ 35288 46583.314657211304 1
0.08963792462635986 -0.7124077571195797 = 1.0316278357293387 @ 49112 64749.948024749756 1
-0.0898972310531215 0.7125877918523451 = 1.031628399268003 @ 47298 62369.90141868591 1
-0.08984419774095193 0.7126277122119973 = 1.031628446667901 @ 47636 62789.902687072754 1
-0.08984644502145164 0.7126336559358187 = 1.0316284490753371 @ 49804 65602.49614715576 1
-0.0898500840638514 0.7126297061234604 = 1.0316284471840964 @ 49538 65275.94232559204 1
0.08984040400774801 -0.7126517327067987 = 1.0316284533086801 @ 48936 64470.919609069824 1
0.0898391548916479 -0.7126512856897649 = 1.0316284532582074 @ 48802 64304.95238304138 1
0.08983838950770989 -0.7126513199042743 = 1.0316284532455169 @ 48082 63404.91986274719 1
1.6794672809795446 -0.256391770139856 = -1.3790191575953639 @ 25634 33689.24117088318 1
-0.47419434230738333 -0.565345267350698 = -0.19528853129017698 @ 34968 46118.34526062012 1
1.7011487618664711 -0.7935301346935091 = 0.2153398190519905 @ 35068 46307.313680648804 1
-1.7014864514658874 0.7963845364423794 = 0.21541942774572065 @ 46234 60985.6162071228 1
-1.6778198381314597 0.8373710371090268 = 0.18834766401821856 @ 49006 64615.92102050781 1
-0.4292664538260478 -0.6488692508143934 = 0.028659747429851223 @ 43684 57653.088092803955 1
-0.08984857894395662 0.7126263860925217 = 1.031628445746519 @ 47534 62662.90044784546 1
-0.04439899063459567 -0.20330332729230993 = 0.14159216819296197 @ 28638 37787.38069534302 1
-0.08985124304462609 0.7126239932168192 = 1.031628444257202 @ 45274 59742.584466934204 1
-0.08985069232905221 0.7126313018649859 = 1.0316284478188302 @ 49870 65684.46350097656 1
0.0898394539589055 -0.712651233325252 = 1.031628453258716 @ 49416 65123.91996383667 1
-0.0898407353430048 0.7126375884554079 = 1.0316284506087867 @ 49250 64919.95191574097 1
0.08983903780388094 -0.7126522154038367 = 1.0316284533242204 @ 45680 60242.58375167847 1
0.08983898798529351 -0.7126496730440895 = 1.0316284531036568 @ 47696 62864.90297317505 1
0.0898387001464454 -0.7126506504408638 = 1.0316284531951523 @ 48836 64346.94576263428 1
-0.08984917773542303 0.7126322507307914 = 1.031628448339899 @ 49772 65563.4663105011 1
-1.6998740878382042 0.7963892962350356 = 0.21532958414863135 @ 46130 60856.61840438843 1
1.7035603552604663 -0.7952391499369922 = 0.21545585748465235 @ 28868 38073.44555854797 1
0.3436687748195066 0.4455952622631939 = 0.03969877123139842 @ 49304 64986.950397491455 1
0.08983819456584431 -0.7126519428893225 = 1.031628453287159 @ 49798 65595.49736976624 1
-0.08984645203185235 0.7126358905358094 = 1.0316284498764412 @ 48246 63610.91995239258 1
-0.0898426736732151 0.7126338088516324 = 1.0316284492928762 @ 48266 63636.9206905365 1
0.08983766821693855 -0.7126503229341423 = 1.0316284531399686 @ 48018 63324.90158081055 1
-0.08984420228719014 0.7126275736239742 = 1.0316284466021133 @ 47818 63014.90092277527 1
-0.5296998376989492 -0.6386710003440426 = -0.33659876482008255 @ 12582 16103.036165237427 1
0.08983877052140352 -0.7126507828357564 = 1.031628453208447 @ 47790 62980.90171813965 1
0.08983879226388101 -0.7126511492997564 = 1.0316284532403248 @ 49748 65534.49487686157 1
-0.08984817746711299 0.7126293295322195 = 1.0316284471726722 @ 47334 62414.90030288696 1
-0.015400553529289904 -0.13018258907380278 = 0.06368768008494734 @ 48808 64311.952352523804 1
0.4492729332230079 0.746808055242052 = -0.07341602019091686 @ 2882 2717.057704925537 1
-0.08985129399594236 0.712626074393292 = 1.0316284453403672 @ 48634 64096.919775009155 1
1.7022049853865497 -0.7949163992877302 = 0.21543150176086867 @ 44324 58508.09979438782 1
-0.08984439267213515 0.7126336867479743 = 1.0316284491880674 @ 49318 65004.9192905426 1
-0.03775180172823316 -0.15452648646466913 = 0.08170283856278483 @ 25770 33859.27200317383 1
-1.7014424981798135 0.7968630509599931 = 0.21541079087710147 @ 45120 59549.61371421814 1
0.08983986119395376 -0.7126517131031302 = 1.0316284533017954 @ 48934 64467.92006492615 1
0.0898389441450069 -0.7126517836073424 = 1.031628453292589 @ 49910 65733.46376419067 1
1.7022631323725337 -0.7959305901385031 = 0.21544657781575804 @ 40768 53737.97678947449 1
0.08983733949642783 -0.7126539338188024 = 1.031628453366333 @ 48036 63347.90062904358 1
-1.7009031449421053 0.796432499944616 = 0.21539209919962843 @ 47006 62003.785848617554 1
-0.08986043857144896 0.7126347351322493 = 1.0316284479224211 @ 49088 64719.950675964355 1
-0.03548886146825436 0.19141563307335507 = 0.14294845234774337 @ 34012 44881.80327415466 1
0.1385568442067507 0.11309175286821568 = -0.041185340590996114 @ 45990 60624.60017204285 1
-1.700171754887802 0.7970523316329936 = 0.21533807006372818 @ 46228 60977.61678695679 1
-0.08982565245630121 0.7126467216103999 = 1.0316284518371694 @ 47000 61936.755895614624 1
0.08984165019121271 -0.7126517433669486 = 1.0316284533132514 @ 49658 65423.919677734375 1
-0.08985125367351698 0.7126329007107506 = 1.0316284484166354 @ 49656 65420.91941833496 1
0.08983845498636242 -0.7126514438873675 = 1.031628453256772 @ 49598 65348.91963005066 1
-0.08985617962820412 0.7126314738796296 = 1.031628447265265 @ 48446 63864.95041847229 1
1.7033512697786943 -0.7949991261532801 = 0.2154503118550808 @ 49734 65516.496419906616 1
0.08983811989361465 -0.7126510168418771 = 1.0316284532141835 @ 49204 64862.950801849365 1
0.08983724130482097 -0.7126530792080238 = 1.0316284533264954 @ 47884 63096.90070152283 1
0.08983870165569086 -0.7126514392012989 = 1.0316284532617899 @ 49850 65659.46364402771 1
-0.0898518677908975 0.7126272545425023 = 1.031628445866561 @ 48560 64004.91976737976 1
0.08983948386316282 -0.7126516112048074 = 1.0316284532890245 @ 49982 65821.4647769928 1
0.0898382674780989 -0.7126531260915461 = 1.0316284533595186 @ 49862 65674.47900772095 1
-0.08985165122665184 0.7126277454981094 = 1.0316284461264573 @ 48978 64523.91982078552 1
0.08983958154795102 -0.7126512274119414 = 1.0316284532600524 @ 49436 65148.92053604126 1
0.08984052636014785 -0.712651613409591 = 1.031628453300521 @ 48330 63717.91934967041 1
0.08983786980975483 -0.7126520804085694 = 1.031628453287848 @ 48152 63491.95051193237 1
0.08983594275090126 -0.712651911082745 = 1.0316284532082494 @ 43108 56929.057359695435 1
-0.08983850189302778 0.7126338613976353 = 1.0316284493600074 @ 46050 60757.617235183716 1
-0.08985114248004539 0.7126281785099919 = 1.0316284463839038 @ 49126 64766.95108413696 1
0.08983808830490037 -0.7126521728171222 = 1.0316284532998856 @ 48812 64316.919565200806 1
-0.08984388936633837 0.7126337434575787 = 1.0316284492290293 @ 47252 62311.90037727356 1
-0.08984832123534242 0.7126293778175634 = 1.0316284471834838 @ 48760 64253.91960144043 1
-0.08984092799352297 0.7126249146497607 = 1.0316284454001756 @ 48762 64256.919384002686 1
-0.08984584821005508 0.7126236567309359 = 1.0316284445260198 @ 47930 63155.90023994446 1
-0.08983920547909569 0.7126359451389145 = 1.0316284500893387 @ 49634 65393.95022392273 1
0.08984048544897877 -0.7126521147837128 = 1.0316284533367417 @ 49114 64751.95264816284 1
0.08983961963715147 -0.7126516734479735 = 1.0316284532956839 @ 49488 65213.947772979736 1
-0.0898412411396696 0.7126348958043393 = 1.0316284497163175 @ 49158 64806.95414543152 1
0.08984038418606294 -0.7126525178043148 = 1.0316284533622486 @ 49252 64921.95200920105 1
0.04240851576223936 0.46569134245738875 = 0.6524096313309062 @ 49046 64665.950298309326 1
-0.08983070395817463 0.7126427376699207 = 1.0316284516165803 @ 41194 54404.54840660095 1
1.703236321173669 -0.7945789207070324 = 0.21543773719503612 @ 37312 49252.64072418213 1
-0.08984031849121686 0.7126286910461183 = 1.0316284472370374 @ 47348 62432.9309463501 1
0.08982847114736978 -0.7126513590535462 = 1.0316284526348911 @ 49916 65741.46389961243 1
-1.512270410211432 0.10982634587480153 = -1.9377715756791003 @ 41580 54890.549421310425 1
-0.08984679987295129 0.7126364854155764 = 1.0316284500565909 @ 48556 63999.945402145386 1
-1.6997101665942704 0.7953164856300377 = 0.21531636533315268 @ 32796 43217.29612350464 1
-0.08976821974547514 0.7126042463349709 = 1.0316284138332437 @ 49546 65285.9206199646 1
0.08984065940298917 -0.7126532043033244 = 1.0316284534032745 @ 49686 65458.95075798035 1
0.08984006152291059 -0.7126503478735335 = 1.0316284531865967 @ 47066 62078.90057563782 1
1.60904829877864 0.5724087446383102 = -2.1043294639114185 @ 36958 48744.06695365906 1
0.08983882423334277 -0.7126518020358359 = 1.03162845329155 @ 49672 65440.946102142334 1
0.0898386208591318 -0.7126504136781012 = 1.0316284531715731 @ 49380 65079.9195766449 1
0.08983927822259039 -0.7126515837665601 = 1.0316284532837052 @ 48932 64465.919971466064 1
-0.08985472227884861 0.7126306168054102 = 1.0316284470874655 @ 48328 63715.919494628906 1
0.08983935106224925 -0.7126504056518246 = 1.0316284531836686 @ 48220 63577.92115211487 1
0.08983866061157116 -0.7126505075472545 = 1.0316284531812014 @ 49814 65615.46349525452 1
-1.0186683408622463 0.04006328279774429 = -2.214715973942421 @ 1000 10.00070571899414 1
-0.0898499122490252 0.712627510619702 = 1.0316284461826453 @ 49856 65667.49548912048 1
0.08984011373522073 -0.7126525058195131 = 1.031628453358838 @ 48840 64351.945877075195 1
0.08983856034679033 -0.7126511690016275 = 1.0316284532371331 @ 49718 65497.46322631836 1
-0.08984502580195966 0.7126323229866806 = 1.031628448633672 @ 49926 65753.46350669861 1
0.08983857744238344 -0.7126506036304601 = 1.0316284531883624 @ 47138 62169.930934906006 1
-0.08984665418226082 0.7126290940406438 = 1.0316284471721215 @ 49430 65141.91961288452 1
-0.08985187107810287 0.7126291301824501 = 1.0316284467512717 @ 42692 56347.54729270935 1
0.08984033007181165 -0.7126518288553777 = 1.0316284533151932 @ 46554 61382.75623321533 1
-1.5793152292258839 -0.5691765161813094 = -2.107654189419447 @ 22268 29293.67733001709 1
0.08983768786096676 -0.7126495373209619 = 1.0316284530606261 @ 44636 58888.07725906372 1
0.0898389572367792 -0.7126507804172209 = 1.0316284532117672 @ 49330 65019.95301246643 1
0.08983927117026896 -0.7126514805819756 = 1.03162845327564 @ 45468 59981.61339759827 1
0.08984294176543545 -0.7126535604208248 = 1.0316284534177045 @ 48668 64138.95058631897 1
-1.7020356224159585 0.7965417411972107 = 0.215437256334841 @ 34658 45718.80388259888 1
0.011152036528096099 0.16253210374257077 = 0.10056537090389032 @ 35648 47032.34624862671 1
0.08983852888616511 -0.7126512989756169 = 1.0316284532469977 @ 49600 65351.922273635864 1
-1.5879762220461908 0.1528987068370075 = -1.7439819706218675 @ 23556 30978.224277496338 1
0.4130145433791635 0.45722088133841976 = -0.15031732412731846 @ 21006 27549.169778823853 1
-0.08984465175342857 0.7126276478052816 = 1.0316284466158707 @ 47024 62025.782108306885 1
1.7016496721654641 -0.7952769519623863 = 0.2154216892136107 @ 24110 31736.22155189514 1
0.08983728575199834 -0.7126496343710178 = 1.0316284530595723 @ 48790 64290.92073440552 1
1.7033366941063433 -0.7950048676399578 = 0.21545039201176164 @ 36310 47939.491748809814 1
-0.4028510627054319 -0.5584792618008103 = 0.03821672839145074 @ 37028 48900.065898895264 1
-0.08985049041110545 0.7126263970511484 = 1.031628445582519 @ 49694 65467.91982650757 1
0.08983950742068122 -0.7126507806557709 = 1.0316284532206246 @ 49918 65744.464635849 1
0.08984106350718991 -0.712652258116864 = 1.031628453349608 @ 45574 60112.58292198181 1
-0.08984102734527688 0.7126326700044446 = 1.0316284488970764 @ 48004 63306.901931762695 1
-0.08985196529407206 0.7126289713480378 = 1.0316284466686942 @ 48710 64190.95039367676 1
0.08983937143889312 -0.7126508923191258 = 1.0316284532285454 @ 48602 64057.94548988342 1
-0.08852312428156164 0.7119988126088367 = 1.031618999603387 @ 49680 65450.950622558594 1
1.5391351712576942 0.5672810756918705 = -2.122351685825042 @ 32318 42625.32353401184 1
0.08983960360622975 -0.7126508266525172 = 1.0316284532260342 @ 49512 65242.92087554932 1
1.6041632284759662 0.5725985012166588 = -2.1043391157160194 @ 30366 40063.995599746704 1
-0.08984880267248971 0.7126320990765723 = 1.0316284483081568 @ 49950 65783.46371650696 1
0.08983924312612207 -0.7126479467620329 = 1.031628452897806 @ 47698 62866.902112960815 1
-0.08984886166917144 0.7126297054050936 = 1.0316284472875128 @ 49842 65650.46572685242 1
1.7007652805337905 -0.7933459279032065 = 0.2153111933447367 @ 44270 58441.075801849365 1
-0.08983523738757819 0.7126407416880772 = 1.0316284514084502 @ 47000 61936.755895614624 1
-0.08984988311639837 0.7126284371341935 = 1.031628446623946 @ 49528 65262.951374053955 1
-0.08984713603210738 0.7126362400875232 = 1.0316284499551323 @ 48736 64223.923683166504 1
1.7030806162655945 -0.7949964871549327 = 0.2154485255062334 @ 49876 65692.46339797974 1
1.5882577509321891 0.5651805943665557 = -2.105975974303153 @ 35586 46954.31351661682 1
0.089839747107507 -0.7126510221415661 = 1.0316284532449478 @ 33030 43573.29511642456 1
-0.0898432088401304 0.7126279249037317 = 1.0316284468091286 @ 49372 65069.95344161987 1
-0.8240027338660703 0.6670639749308684 = -0.31458022541340613 @ 15326 19814.0549659729 1
-0.08984807763853753 0.7126288983788991 = 1.0316284469848285 @ 47738 62917.90246963501 1
-1.589805924421559 0.1457384784529984 = -1.761921444024395 @ 39938 52645.40147781372 1
1.702233260108997 -0.7968141602515473 = 0.2154388708656152 @ 23972 31502.224445343018 1
0.08984216586303706 -0.7126082800895561 = 1.0316284345192537 @ 49266 64938.91978263855 1
-1.7011311290033906 0.7968092299928935 = 0.21539789141616805 @ 44056 58173.10881614685 1
0.089839215137237 -0.7126513038556542 = 1.0316284532606967 @ 45352 59838.60898017883 1
-1.700740011313699 0.796647011761457 = 0.21538062662274426 @ 43402 57296.058177948 1
0.08981716833321085 -0.7126364767300242 = 1.0316284483270062 @ 49320 65006.919622421265 1
-0.08984934196239934 0.7126405860962253 = 1.0316284511158902 @ 46730 61601.75704956055 1
0.08984096174573294 -0.7126514961543363 = 1.0316284532935565 @ 45744 60321.608543395996 1
-0.4653376146773449 -0.5406848068747725 = -0.1951651319445593 @ 24650 32403.22232246399 1
0.08983827278012725 -0.7126508581949338 = 1.0316284532043023 @ 48248 63613.919734954834 1
-1.7019064543495874 0.796046409497233 = 0.21543636336019845 @ 46414 61207.786560058594 1
-1.5984019329100936 0.1663352611044157 = -1.6973930455821566 @ 16370 21194.072484970093 1
1.7022208172588282 -0.7954735141914712 = 0.21544221266109886 @ 41694 55033.54620933533 1
0.08983890080059331 -0.7126504924634223 = 1.0316284531844278 @ 48742 64230.952978134155 1
-0.08984102707369537 0.7126300744360807 = 1.031628447835618 @ 49386 65086.91954612732 1
-0.08984314330831578 0.7126361909516805 = 1.0316284501166733 @ 47956 63187.90149688721 1
0.08983783784422911 -0.7126512337475145 = 1.031628453224674 @ 48440 63857.95021057129 1
0.3482003730997433 0.4703119245951168 = 0.07060640205942537 @ 47438 62543.933153152466 1
0.08983876074939026 -0.7126520734614543 = 1.0316284533092153 @ 49624 65381.951570510864 1
1.7030071122758819 -0.7959766255454161 = 0.21546033183974833 @ 48928 64460.91961860657 1
1.7024969547290028 -0.7953072691044991 = 0.2154462035207959 @ 49596 65346.919536590576 1
1.7023545852196176 -0.7953164112441469 = 0.2154432612749153 @ 42082 55573.54807853699 1
-0.08985196007701918 0.7126371294940126 = 1.0316284498705122 @ 42656 56302.546977996826 1
0.08983922209682317 -0.7126510724519578 = 1.0316284532416946 @ 49650 65413.92135620117 1
0.08983936491563865 -0.7126508950644092 = 1.0316284532286872 @ 48872 64390.953063964844 1
0.0360625577856228 -0.14512920687383138 = 0.08251068252394743 @ 18872 24587.090730667114 1
-0.08985042838684812 0.7126336053047293 = 1.031628448765906 @ 49590 65339.919567108154 1
0.08983922470495649 -0.7126516747435567 = 1.03162845328967 @ 48826 64334.95235443115 1
0.08984068106383995 -0.7126507018937207 = 1.0316284532243871 @ 48136 63471.92072868347 1
-0.08984692459960153 0.7126284791335782 = 1.0316284468735348 @ 48584 64034.950733184814 1
-0.08985299479745898 0.7126332640845827 = 1.031628448381221 @ 45176 59619.58312988281 1
-1.7005829027248731 0.7964580464412233 = 0.2153743383785084 @ 49070 64697.95083999634 1
-0.15295490541242338 -0.2621963984305136 = 0.12354333070581733 @ 49408 65113.919734954834 1
0.08983977322987804 -0.712651186263952 = 1.0316284532591418 @ 49526 65260.94603538513 1
0.08984033228430222 -0.7126517950751244 = 1.031628453312729 @ 49580 65327.92067527771 1
-0.08983993565710893 0.7126323537859367 = 1.031628448786877 @ 48000 63240.90123176575 1
-0.054290400267215766 0.6671471434052504 = 1.0123856380194323 @ 49790 65585.50024032593 1
0.08983804008903976 -0.7126516818017825 = 1.0316284532645625 @ 48126 63459.92064476013 1
0.0898396615044111 -0.7126510818055192 = 1.031628453248956 @ 47382 62473.92702102661 1
-1.7027462783417446 0.796547927027539 = 0.21545394984788724 @ 41890 55275.54726600647 1
-1.703881778226843 0.7970054531438628 = 0.2154538182048743 @ 22130 29120.649099349976 1
0.08984131706762101 -0.7126523693373583 = 1.0316284533575553 @ 44200 58352.0781993866 1
1.7017515634060472 -0.7961984288106555 = 0.21543072429183274 @ 45430 59935.61363220215 1
0.0898382883423321 -0.7126520745260687 = 1.031628453298482 @ 49632 65390.95044136047 1
-0.08983661472565505 0.7126319915252801 = 1.0316284486281528 @ 45832 60431.583404541016 1
-1.591107576520919 -0.5772200123726097 = -2.105568915988062 @ 26806 35241.243839263916 1
-0.08984457599346794 0.7126348221662113 = 1.0316284495951384 @ 46778 61661.75603866577 1
0.08982979461006924 -0.7126444426663225 = 1.0316284518825503 @ 49962 65798.46382141113 1
-1.7006383440416908 0.7960731711665523 = 0.21538021705887833 @ 45630 60181.58268928528 1
-1.6110686257425746 -0.5792920734786368 = -2.1048057774660807 @ 47650 62807.934045791626 1
-0.48536075148845514 -0.5139506629851026 = -0.3020785206013905 @ 29234 38591.516971588135 1
-0.08984159782666198 0.712635378682746 = 1.0316284498782733 @ 46436 61235.75568199158 1
-0.08985509109502754 0.7126290077609957 = 1.03162844631912 @ 48558 64002.9194355011 1
0.0898393472999772 -0.7126511940658771 = 1.0316284532538629 @ 49220 64881.9215297699 1
0.08983831450913748 -0.712650721716549 = 1.0316284531932394 @ 48436 63851.94540023804 1
-1.7019665393351326 0.7967007574004268 = 0.21543293712192868 @ 47788 62978.90329360962 1
-0.08984817915369395 0.7126322732879921 = 1.0316284484249718 @ 49868 65682.46459960938 1
0.08983970264497017 -0.7126515157490828 = 1.0316284532847588 @ 49840 65647.49717712402 1
0.08984088767761525 -0.712652005632007 = 1.0316284533315365 @ 49300 64980.92198371887 1
-0.0898455646793484 0.7126339374145905 = 1.0316284492279753 @ 49048 64668.91932487488 1
0.4628208128640169 0.5683068631300545 = -0.1521131909214778 @ 32340 42652.29320526123 1
0.6253907593348556 -0.7921902839843713 = 0.16717612483234845 @ 30746 40535.55774688721 1
1.702823576444306 -0.7950283050726781 = 0.2154463360512795 @ 47268 62331.90059661865 1
-0.08984293208484634 0.7126376363989797 = 1.031628450585327 @ 49288 64966.95065498352 1
-0.06532879944035051 -0.17219965213343624 = 0.0868109655022475 @ 42620 56254.576444625854 1
-0.08984901992339192 0.7126309563314072 = 1.0316284478176394 @ 48926 64457.91959762573 1
-1.699034960588103 0.7958699534269817 = 0.215266517864244 @ 42600 56230.5474281311 1
-0.023433546015806793 0.08986175600736211 = 0.031949598005525305 @ 43170 57006.05654716492 1
0.08983941476571203 -0.7126507258240213 = 1.0316284532143705 @ 49758 65547.49417304993 1
0.08983812777195094 -0.7126501568603326 = 1.031628453135802 @ 49336 65026.95059776306 1
0.08983845447473422 -0.7126511538298208 = 1.031628453233545 @ 49992 65833.46438407898 1
-0.04755149894938421 0.1093972006417081 = 0.04346623575134441 @ 32744 43152.29296684265 1
1.7012376758884409 -0.794465174169543 = 0.2153850157794559 @ 42974 56705.0576210022 1
-0.08984898840540886 0.7126309679380363 = 1.0316284478250766 @ 49426 65136.91997528076 1
0.08983807849995584 -0.7126515922651517 = 1.0316284532589288 @ 48956 64495.95284461975 1
-1.7011449177851778 0.7962695078188039 = 0.21540539562339622 @ 47092 62111.900091171265 1
0.09112479460740514 -0.7116936983029405 = 1.0316132253520933 @ 49996 65838.46473693848 1
-0.08984036248930094 0.7126366118440266 = 1.0316284503044175 @ 46058 60767.61746406555 1
0.08983865482614839 -0.7126513693552518 = 1.0316284532553208 @ 49178 64830.91950416565 1
0.08984068499398798 -0.7126516192212242 = 1.03162845330195 @ 49768 65559.49664115906 1
0.08983877481100055 -0.7126515530073134 = 1.031628453272072 @ 49900 65721.46344184875 1
-0.08983809460479522 0.7126406704326753 = 1.0316284514647884 @ 48818 64324.94783401489 1
-0.08984268365670092 0.7126342998508022 = 1.0316284494726404 @ 49420 65128.91983985901 1
-0.08984718074372326 0.712624599631491 = 1.0316284449388744 @ 46378 61162.78624534607 1
0.08983851968947543 -0.7126512715196474 = 1.031628453244589 @ 49572 65317.94548034668 1
-0.08985210261012827 0.712631173465319 = 1.0316284476260231 @ 49522 65255.95045089722 1
-0.08974515514503376 0.7124479453943986 = 1.031628081354562 @ 48964 64505.922079086304 1
-0.08986036498061359 0.7126353290708669 = 1.0316284481533464 @ 47510 62632.91144371033 1
-0.6466953374350792 0.8139469810814233 = 0.09079395142948132 @ 39966 52679.4011592865 1
0.08983884315846755 -0.7126515400950838 = 1.0316284532724622 @ 49232 64896.92282676697 1
-1.7003677582824301 0.7951630964704386 = 0.21535779051220738 @ 47120 62145.93601226807 1
0.08983950917706288 -0.712651111548436 = 1.0316284532493933 @ 48508 63940.919399261475 1
-0.08985028579071705 0.712634070919653 = 1.0316284489543563 @ 47212 62261.929988861084 1
1.7027351305724774 -0.794713284466496 = 0.2154367623328829 @ 49934 65763.46349716187 1
0.4608080221616599 0.6093232631158154 = -0.10494040342285427 @ 48830 64339.95056152344 1
0.46697343570002486 0.641225418286172 = -0.10685232591771643 @ 47028 62030.75885772705 1
-0.08984637496223392 0.7126328982442274 = 1.0316284487890575 @ 49080 64710.949659347534 1
-0.4029713848209114 -0.5278512550729646 = -0.004328837063669599 @ 44678 58942.1067237854 1
1.611039245430813 0.574442755981809 = -2.1044763384580945 @ 43482 57401.05748176575 1
-0.0898434370288489 0.7126370169814611 = 1.031628450376836 @ 49334 65024.95002746582 1
-1.7003394702493773 0.7963515056119492 = 0.21536087618737942 @ 42468 56062.546730041504 1
-0.08985071827808175 0.7126360668181162 = 1.0316284496308121 @ 49568 65312.9506111145 1
0.08984148746225157 -0.7126532564117485 = 1.031628453409373 @ 48500 63930.9196472168 1
-1.70011252507345 0.7951483129681595 = 0.21534152417836117 @ 36632 48342.068910598755 1
-0.0898792406199097 0.7126735386446246 = 1.0316284463201566 @ 49468 65187.95204162598 1
-0.08984422442624111 0.7126286030165782 = 1.0316284470807178 @ 49184 64838.950872421265 1
0.08983787353269693 -0.712651276584928 = 1.031628453229081 @ 48306 63687.91961669922 1
1.6993446130583045 -0.7959295123800754 = 0.21529222248603264 @ 45304 59779.61015701294 1
-1.5929695543119387 -0.5943983519832592 = -2.1074580509252443 @ 32790 43210.293769836426 1
-1.5885360889171758 -0.5923570539273036 = -2.1076152552481027 @ 45846 60448.58431816101 1
0.08983698318097984 -0.712650502892148 = 1.0316284531358464 @ 47234 62289.93582725525 1
0.006337065208426243 -0.1501497545510706 = 0.08893757489333454 @ 49008 64617.919921875 1
-0.08984176325716259 0.7126352791665542 = 1.0316284498409019 @ 49554 65295.91941833496 1
1.7023769001740134 -0.7944834476554555 = 0.2154227373400548 @ 48756 64248.94642829895 1
-0.08983336787243623 0.7126315675057113 = 1.0316284483623177 @ 49608 65361.950397491455 1
1.691193065910323 -0.7922587792821347 = 0.21391217698283105 @ 34772 45869.31395530701 1
1.7028317540027125 -0.7956712506224064 = 0.21545651391862775 @ 43194 57036.05675697327 1
-0.0898395008311647 0.7126355252922394 = 1.0316284499483643 @ 49480 65203.919649124146 1
0.02723467343604782 0.14071613976203573 = 0.07083769182355912 @ 46412 61204.78653907776 1
