0.8618324205551269 = 0.3166738293736128 @ 19576 113331.7883014679 1
0.9000000000102322 = 1.0 @ 42518 148739.99047279358 1
0.9000000003965254 = 1.0 @ 17934 110609.13705825806 1
0.9000000004245412 = 1.0 @ 23226 119209.86580848694 1
0.4999999999162541 = 1.0 @ 23162 119119.8947429657 1
0.288843534878058 = 0.911550510969649 @ 47008 155386.16514205933 1
0.1541370661476053 = 0.08242527927155648 @ 39070 143649.65963363647 1
0.2999999832728913 = 0.9999999999997928 @ 49994 159596.67468070984 1
0.7000000004366899 = 1.0 @ 36342 139545.9818840027 1
0.29999999940513433 = 1.0 @ 29558 129136.27910614014 1
0.2999999998201231 = 1.0 @ 27638 126081.94947242737 1
0.2999999999021878 = 1.0 @ 31982 132891.01696014404 1
0.7000000004041222 = 1.0 @ 29320 128821.27737998962 1
0.9000000002278845 = 1.0 @ 29782 129451.27320289612 1
0.5456743324949962 = 0.18299743430781693 @ 45312 152869.05145645142 1
0.7114174858858984 = 0.9075413603991281 @ 47318 155790.3275489807 1
0.18012296651540824 = 0.0008401417129842799 @ 1062 80150.4225730896 1
0.23897654167944846 = 0.03602998960558205 @ 27854 126398.95153045654 1
0.6999999998578761 = 1.0 @ 42214 148327.45242118835 1
0.08954776497926545 = 0.921977515854728 @ 44412 151524.96099472046 1
0.8890804491582743 = 0.9151223051142137 @ 49986 159586.70353889465 1
0.9000000003015598 = 1.0 @ 26826 124709.74135398865 1
0.09999999981938289 = 1.0 @ 35678 138515.33246040344 1
0.2999999993913953 = 1.0 @ 39294 143947.65996932983 1
0.2890946809797371 = 0.9153348181741199 @ 45644 153303.66015434265 1
0.5000000002651586 = 1.0 @ 42934 149282.99260139465 1
0.5113351435136262 = 0.9088144074541495 @ 47134 155550.74954032898 1
0.7103358669803432 = 0.9236447844584363 @ 46360 154390.1662826538 1
0.9000000004124831 = 1.0 @ 26620 124411.71646118164 1
0.7000000002069607 = 1.0 @ 39076 143658.65969657898 1
0.7000000005940605 = 1.0 @ 34954 137389.72306251526 1
0.2999999993766105 = 1.0 @ 27608 126040.98129272461 1
0.09999999935742204 = 1.0 @ 30596 130776.75580978394 1
0.6760195382502274 = 0.6465287527197211 @ 43506 150184.89837646484 1
0.28932177060411934 = 0.9186940918786493 @ 12966 102125.04482269287 1
0.13954261583978156 = 0.28923131252401796 @ 15656 106866.01161956787 1
0.6999999995253832 = 1.0 @ 42886 149220.99232673645 1
0.9623242379098893 = 0.030141756689323566 @ 3038 84017.07363128662 1
0.7000000006522615 = 1.0 @ 41168 146768.97406578064 1
0.11168468264147444 = 0.9033581273104898 @ 46440 154496.1347579956 1
0.90000000036741 = 1.0 @ 21128 115913.58017921448 1
0.016606940766924726 = 0.00029433142691738274 @ 2988 83595.09801864624 1
0.4999999999925897 = 1.0 @ 20808 115281.55040740967 1
0.7000000002473059 = 1.0 @ 37316 140990.02361297607 1
0.9000000004627648 = 1.0 @ 18594 111742.13457107544 1
0.500000000262016 = 1.0 @ 15950 107312.0346069336 1
0.8999999996365856 = 1.0 @ 47720 156326.4081478119 1
0.9117551394307046 = 0.9022418421704096 @ 49320 158721.56715393066 1
0.47133129431719245 = 0.5325219128994422 @ 33354 135109.21812057495 1
0.10000000047469207 = 1.0 @ 29312 128811.24639511108 1
0.4999999993624906 = 1.0 @ 22386 117860.67271232605 1
0.338544785950152 = 0.3090243195687835 @ 30816 131104.12001609802 1
0.6999582034315308 = 0.9999987068705165 @ 49578 159059.5679283142 1
0.9000000002096241 = 1.0 @ 21210 116025.49290657043 1
0.8999999998964671 = 1.0 @ 16596 108479.60591316223 1
0.4893085372187123 = 0.9184999763768987 @ 48994 158135.45680046082 1
0.49999999959637753 = 1.0 @ 23770 119970.89529037476 1
0.4693025484824969 = 0.4836618860669409 @ 31404 132114.12000656128 1
0.9000000006191317 = 1.0 @ 33218 134922.67417907715 1
0.30000008219911956 = 0.9999999999949987 @ 47106 155515.75112342834 1
0.688593333917728 = 0.9077090741641011 @ 49876 159446.16436958313 1
0.6999999999367106 = 1.0 @ 41194 146803.97295951843 1
0.5108093071218155 = 0.9167623847858579 @ 28138 126972.99861907959 1
0.452987410021864 = 0.16353923610564633 @ 28340 127265.51461219788 1
0.47367214457558643 = 0.5895372479294112 @ 28120 126946.99931144714 1
0.5585661002739374 = 0.049456024314358436 @ 37354 141040.02165794373 1
0.49999999972341624 = 1.0 @ 21034 115781.58283233643 1
0.8999999995959204 = 1.0 @ 31170 131785.0902080536 1
0.475942219237556 = 0.6446644534267346 @ 45312 152870.0520992279 1
0.10000000065391954 = 1.0 @ 26536 124293.9829826355 1
0.47049096554786035 = 0.5121855232988101 @ 37392 141088.02270889282 1
0.8439390285455716 = 0.06661173895206131 @ 45736 153421.66137695312 1
0.7127844406245062 = 0.8853209471609308 @ 45484 153093.08409690857 1
0.8767122837598149 = 0.6631723288642349 @ 45460 153063.08269500732 1
0.49928686144261336 = 0.9996236116405007 @ 49120 158459.5649242401 1
0.9478198988094456 = 0.15246002852173127 @ 27170 125411.71503067017 1
0.3000000004532228 = 1.0 @ 48434 157399.4517326355 1
0.5247428217552981 = 0.6280980841205742 @ 42194 148302.48284339905 1
0.10000000027861602 = 1.0 @ 36120 139255.98621368408 1
0.9647956870424788 = 0.020994641574060367 @ 43402 150048.89798164368 1
0.09999996721365305 = 0.9999999999992046 @ 49326 158728.5659313202 1
0.4999999996562422 = 1.0 @ 20948 115480.55005073547 1
0.700000000294961 = 1.0 @ 32584 133897.1652984619 1
0.6885241429761702 = 0.9066343056238709 @ 47028 155413.16556930542 1
0.3000000022435924 = 0.999999999999996 @ 49658 159163.33413124084 1
0.9478450534701095 = 0.1521227654975155 @ 46510 154589.13397789001 1
0.9000001498411234 = 0.9999999999833806 @ 49556 159032.59682655334 1
0.7000000006295811 = 1.0 @ 40400 145574.4297504425 1
0.07150504915455334 = 0.536739899769516 @ 45024 152490.9610748291 1
0.8289972869434643 = 0.007246513316837795 @ 41692 147482.9716682434 1
0.8999999995170938 = 1.0 @ 41964 147842.97442436218 1
0.2999999995378123 = 1.0 @ 29582 129168.27940940857 1
0.7773498214189825 = 0.0017862404911763684 @ 26990 124954.74171638489 1
0.06864898123676147 = 0.46812792970251094 @ 49482 158933.5880279541 1
0.5000000004815324 = 1.0 @ 24212 120752.89583206177 1
0.9920873221019644 = 3.63034185363899e-06 @ 2220 82351.5977859497 1
0.28916044428818455 = 0.9163137784743742 @ 30702 130926.46384239197 1
0.6999999999432645 = 1.0 @ 25476 122652.99534797668 1
0.30000000036393837 = 1.0 @ 28604 127640.46931266785 1
0.5105492991030406 = 0.9205746239840461 @ 41202 146814.97287750244 1
0.06932153860804127 = 0.4841150161896399 @ 37606 141367.40612983704 1
0.10000000043488735 = 1.0 @ 25012 122025.87914466858 1
0.9114894635709727 = 0.9064223189567098 @ 31584 132358.00457000732 1
0.5375794800002198 = 0.3287771448620127 @ 41876 147725.9705066681 1
0.9117733013038407 = 0.9019532055089822 @ 48110 156979.71057891846 1
0.7000000005393003 = 1.0 @ 33450 135236.2186908722 1
0.09999999952399892 = 1.0 @ 38448 142636.51371002197 1
0.9000000004684132 = 1.0 @ 26504 124249.98617172241 1
0.2889916822343966 = 0.9137915579294135 @ 41500 147228.9433479309 1
0.8999999995137518 = 1.0 @ 19808 113667.78683662415 1
0.8891351939454651 = 0.9159384893407035 @ 44392 151499.93133544922 1
0.6886047098443637 = 0.907885266356747 @ 49688 159201.16424560547 1
0.18158326092415156 = 0.0005389498239984299 @ 34432 136685.72473526 1
0.6201933883319899 = 0.0009207269931480143 @ 22252 117685.65559387207 1
0.948635636231635 = 0.14176697913497596 @ 17540 110054.65507507324 1
0.29999999944660244 = 1.0 @ 28918 128095.48735618591 1
0.5736767295241243 = 0.004208034395439353 @ 45354 152926.0857105255 1
0.423243781026972 = 0.002072077122045574 @ 3362 84533.10441970825 1
0.7000000005893907 = 1.0 @ 35212 137895.29848098755 1
0.6999999998995442 = 1.0 @ 44998 152309.92794036865 1
0.10000000024021 = 1.0 @ 29914 129637.75658607483 1
0.25871158548918866 = 0.2562165014338941 @ 37664 141446.37537002563 1
0.45375799383998083 = 0.1745769604904843 @ 43278 149889.46866989136 1
0.8739830514842953 = 0.5971166505647079 @ 42750 149043.958902359 1
0.9000000004520123 = 1.0 @ 27498 125884.94944572449 1
0.20724448599129974 = 2.1435734696683995e-06 @ 1000 79621.4497089386 1
0.8892089484004932 = 0.9170326136078711 @ 44438 151559.9286556244 1
0.2596619318406185 = 0.2739277350442913 @ 43812 150581.8657875061 1
0.29999999948697104 = 1.0 @ 35504 138282.2985649109 1
0.2999999441691735 = 0.9999999999976925 @ 49630 159128.59773635864 1
0.7128358939388055 = 0.8844456355091584 @ 27380 125708.94980430603 1
0.09999999963862313 = 1.0 @ 46672 154799.1349697113 1
0.3000000000539985 = 1.0 @ 31824 132678.0014038086 1
0.500000000618839 = 1.0 @ 29672 129295.27473449707 1
0.27145210611795145 = 0.5354542767857802 @ 42674 148944.99325752258 1
0.3101899732792119 = 0.9257124225508836 @ 49096 158426.5522956848 1
0.6885398483467159 = 0.906878733790605 @ 38760 143063.5163784027 1
0.9117819068904616 = 0.9018163147503698 @ 27768 126274.95098114014 1
0.2999999993971962 = 1.0 @ 33454 135241.2464618683 1
0.3363024223275203 = 0.3557705020188554 @ 43456 150118.89696121216 1
0.675856154979666 = 0.6425878694321894 @ 49246 158624.5675086975 1
0.08932483462386934 = 0.9187390077347398 @ 37818 141650.94304084778 1
0.7003126651232728 = 0.9999276387732379 @ 48062 156915.709733963 1
0.9000000006482634 = 1.0 @ 25590 122815.70959091187 1
0.9294871548982804 = 0.512713497697294 @ 47700 156299.43895339966 1
0.5259382524238145 = 0.5990343754589047 @ 49686 159199.1307735443 1
0.7299554628241274 = 0.5014335032962955 @ 41676 147460.96897125244 1
0.8755606068571812 = 0.6354460556194385 @ 47688 156282.43684768677 1
0.6885345412296044 = 0.9067961681727175 @ 46570 154666.13483428955 1
0.29999999989601545 = 1.0 @ 35042 137663.7532711029 1
0.10000000006273921 = 1.0 @ 34466 136729.7534942627 1
0.7000000004674799 = 1.0 @ 37186 140814.01991844177 1
0.9000000006682957 = 1.0 @ 25252 122350.87966918945 1
0.08895736890335859 = 0.9132747273508365 @ 43760 150513.8988494873 1
0.20706695048698592 = 1.8482371601545673e-06 @ 1418 80713.02509307861 1
0.29999999938714383 = 1.0 @ 25262 122367.91205406189 1
0.6999999998148508 = 1.0 @ 29926 129653.75876426697 1
0.9000000006672652 = 1.0 @ 23940 120202.89397239685 1
0.5000000004562747 = 1.0 @ 43140 149708.46700668335 1
0.2999999999821602 = 1.0 @ 37298 140965.99054336548 1
0.5112735376831774 = 0.9097618610695127 @ 23704 119879.8623085022 1
0.5000000003509099 = 1.0 @ 21236 116066.46299362183 1
0.7133845343916478 = 0.8749435277309797 @ 38712 142999.51720237732 1
0.22332673776541154 = 0.0021148110885595506 @ 15978 107352.0655632019 1
0.30000000063772986 = 1.0 @ 37608 141370.37539482117 1
0.337704451304526 = 0.3261874155686383 @ 35636 138457.3302268982 1
0.6756198296512346 = 0.6368784286183332 @ 34884 137287.75453567505 1
0.29999999952862205 = 1.0 @ 37780 141600.9440422058 1
0.5000000009281127 = 0.9999999999999993 @ 49656 159160.3353023529 1
0.674923528574277 = 0.6200023750310851 @ 36880 140258.98504257202 1
0.48895249613109304 = 0.9132012238805784 @ 44422 151537.95957565308 1
0.09999999973653959 = 1.0 @ 31860 132728.50966453552 1
0.5000000006194831 = 1.0 @ 38846 143185.5149269104 1
0.6886073758892617 = 0.9079265374541627 @ 34150 136312.72339820862 1
0.49999999961363767 = 1.0 @ 22598 118158.70690345764 1
0.4536422974505758 = 0.17289089521147394 @ 42266 148393.45240592957 1
0.4999999997462983 = 1.0 @ 23166 119125.86617469788 1
0.06986477860296147 = 0.49711604468273035 @ 46918 155119.13466453552 1
0.2999999996364177 = 1.0 @ 31230 131880.0904750824 1
0.9000000001545929 = 1.0 @ 18628 111789.16788101196 1
0.08984644834542105 = 0.9262246473724315 @ 36582 139865.9873008728 1
0.500000000292561 = 1.0 @ 23110 119048.89488220215 1
0.7723111376923879 = 0.0055959074867742 @ 30006 129942.75569915771 1
0.5000000004045544 = 1.0 @ 38026 142075.5476951599 1
0.4705221700906256 = 0.5129385458571141 @ 30462 130590.75617790222 1
0.49999999941019635 = 1.0 @ 24650 121355.89504241943 1
0.7133922661146209 = 0.8748074422516164 @ 44004 150984.89809036255 1
0.500000000533428 = 1.0 @ 46756 154908.1676006317 1
0.49999999968349385 = 1.0 @ 22372 117842.6730632782 1
0.7000000006697262 = 1.0 @ 35720 138572.33238220215 1
0.1388931477389127 = 0.3020404074955579 @ 20502 114850.57210922241 1
0.4533207752814 = 0.16825881803877032 @ 49790 159331.16245269775 1
0.7298991376824691 = 0.5027877925473276 @ 28528 127533.4677696228 1
0.2999999993740754 = 1.0 @ 38428 142608.5169315338 1
0.7131218170379064 = 0.8795318600253653 @ 41504 147233.9437007904 1
0.05898915345052663 = 0.2613239356171671 @ 41138 146731.94193840027 1
0.5000000001813406 = 1.0 @ 36156 139303.98750305176 1
0.29999999961859236 = 1.0 @ 34216 136399.75547790527 1
0.06949625081086783 = 0.48828829152343356 @ 48220 157122.456073761 1
0.8893639164525022 = 0.9193109530098953 @ 37148 140763.0226612091 1
0.09999999939379015 = 1.0 @ 29732 129380.27906417847 1
0.2999999993303734 = 1.0 @ 23684 119853.89280319214 1
0.29999999934230337 = 1.0 @ 35120 137767.33136177063 1
0.8999999995457144 = 1.0 @ 20580 114960.5484008789 1
0.09999999971959578 = 1.0 @ 28320 127235.99576950073 1
0.5000000002012712 = 1.0 @ 22570 118121.70553207397 1
0.2735199100630131 = 0.5858247446725681 @ 18486 111589.16330337524 1
0.5000000001763645 = 1.0 @ 25080 122117.87962913513 1
0.5247456342540021 = 0.6280299073364888 @ 48754 157825.439453125 1
0.523794072778691 = 0.6510177359527656 @ 19228 112830.30962944031 1
0.29999999964307456 = 1.0 @ 30744 130997.08867073059 1
0.5000000003691587 = 1.0 @ 36362 139571.98882102966 1
0.7000000004110689 = 1.0 @ 32666 134006.20484352112 1
0.9270072258871569 = 0.5729674497928495 @ 15068 105977.01120376587 1
0.30000059058217227 = 0.9999999997418205 @ 49598 159085.59727668762 1
0.49999999935663464 = 1.0 @ 24202 120739.8624420166 1
0.9000000000462566 = 1.0 @ 26786 124651.74555778503 1
0.10000000039184143 = 1.0 @ 27430 125783.94937515259 1
0.33637527736300377 = 0.3542053600447163 @ 49942 159531.1632156372 1
0.13788695035791965 = 0.3224226999863419 @ 33130 134801.35560035706 1
0.5000000002959599 = 1.0 @ 19026 112544.26145553589 1
0.051302278188802355 = 0.14097370687611013 @ 34144 136304.72421646118 1
0.09999999957603431 = 1.0 @ 37210 140844.9912071228 1
0.9750690684839054 = 0.003091735562182416 @ 20686 115107.55109786987 1
0.1123203447689928 = 0.8930906853468059 @ 41904 147764.9438381195 1
0.8777580698418441 = 0.6880518278530788 @ 31522 132275.12431144714 1
0.6885587907685604 = 0.9071731736767252 @ 45466 153070.08528709412 1
0.4999999997411116 = 1.0 @ 18908 112176.2580871582 1
0.900000000254374 = 1.0 @ 44782 152021.9600200653 1
0.31007736573375744 = 0.9272909835431457 @ 12400 101290.04645347595 1
0.8999999998403615 = 1.0 @ 20412 114723.57940673828 1
0.8287527980544975 = 0.00691193646550752 @ 37840 141680.94491958618 1
0.0004542885072575942 = 1.3203456752669626e-13 @ 1000 79621.4497089386 1
0.10000000000062001 = 1.0 @ 36420 139649.9855518341 1
0.5000000003608384 = 1.0 @ 33724 135593.25170516968 1
0.3941862616748292 = 5.752137369404154e-07 @ 1000 79621.4497089386 1
0.28902749979150855 = 0.9143296053558926 @ 47564 156119.398355484 1
0.11196889730536923 = 0.898821750400832 @ 48804 157889.422416687 1
0.700000000582315 = 1.0 @ 31638 132430.03487586975 1
0.7122291651118671 = 0.8945903383740174 @ 48276 157195.4529285431 1
0.48906261228647163 = 0.9148556312381596 @ 41118 146701.94602012634 1
0.09999999970131146 = 1.0 @ 28674 127748.48699569702 1
0.9122078224256984 = 0.894940078728643 @ 46824 154995.1672554016 1
0.48919472490347077 = 0.9168221023713238 @ 46646 154764.1351222992 1
0.3102239889729962 = 0.9252326062675077 @ 45338 152907.08327293396 1
0.5621548610067941 = 0.030864051669545967 @ 42572 148809.99183654785 1
0.7000000003866798 = 1.0 @ 34442 136697.75462150574 1
0.29999999939267125 = 1.0 @ 36402 139626.98531150818 1
0.09999999994797988 = 1.0 @ 27916 126483.97469520569 1
0.700000000565554 = 1.0 @ 38548 142773.517370224 1
0.712423357526146 = 0.8913857281828853 @ 48946 158071.45524024963 1
0.4999999998064991 = 1.0 @ 30570 130740.75531959534 1
0.09999999972816138 = 1.0 @ 30076 130037.78672218323 1
0.5400296781437167 = 0.2798097584470473 @ 43718 150458.8692188263 1
0.9113234816075273 = 0.9089940880212017 @ 49880 159451.16472244263 1
0.9000000006684856 = 1.0 @ 26768 124622.71690368652 1
0.4999999999904906 = 1.0 @ 20554 114924.551486969 1
0.7000000004645694 = 1.0 @ 33956 135894.7503566742 1
0.8999999996149832 = 1.0 @ 41396 147078.94468307495 1
0.4999938914091636 = 0.9999999723787664 @ 49332 158736.5951538086 1
0.7000118132550184 = 0.9999998967000412 @ 49622 159118.59583854675 1
0.34006815359634057 = 0.2790723511120616 @ 49178 158536.52667999268 1
0.7000000003545049 = 1.0 @ 38370 142534.51657295227 1
0.7000000006136975 = 1.0 @ 34528 136810.7249736786 1
0.30000000029862506 = 1.0 @ 29300 128795.27759552002 1
0.6434313785760892 = 0.06283170118797203 @ 45968 153727.16546058655 1
0.8999999996824524 = 1.0 @ 26786 124651.74555778503 1
0.8736873047908653 = 0.5899069194158592 @ 42256 148380.45239448547 1
0.09999997623427942 = 0.9999999999995817 @ 45686 153355.66186904907 1
0.8999999996291556 = 1.0 @ 44588 151762.96091079712 1
0.4999999996222947 = 1.0 @ 28380 127326.47013664246 1
0.9000000005550538 = 1.0 @ 16596 108478.57213020325 1
0.5000000000394291 = 1.0 @ 37320 140995.0249195099 1
0.8571746096342563 = 0.22893639991194106 @ 32588 133903.1355381012 1
0.4999999994914386 = 1.0 @ 23054 118968.8949584961 1
0.6755326523780514 = 0.6347697315326696 @ 40624 145875.43773651123 1
0.5000000006253895 = 1.0 @ 19122 112678.28392982483 1
0.3000000000667778 = 1.0 @ 45586 153227.62823104858 1
0.9000000001708273 = 1.0 @ 22304 117756.70528411865 1
0.139237408692018 = 0.2952161129702837 @ 39652 144425.98724365234 1
0.099999999490787 = 1.0 @ 36794 140146.95525169373 1
0.6425769699468101 = 0.0568238632806033 @ 46342 154365.1659488678 1
0.49999999972744613 = 1.0 @ 18402 111472.13768959045 1
0.9751047703631498 = 0.003066625364779366 @ 31936 132829.04648780823 1
0.09999999848984786 = 0.999999999999998 @ 47096 155503.74674797058 1
0.546515877288531 = 0.1706022793805608 @ 37666 141449.3751525879 1
0.5242524028983555 = 0.6399664903929906 @ 36150 139294.98505592346 1
0.2889289798868196 = 0.9128461106086588 @ 35672 138507.30276107788 1
0.5000000002279147 = 1.0 @ 35584 138388.32998275757 1
0.07290908572715005 = 0.5709263793612406 @ 43914 150715.89732170105 1
0.4891633359192616 = 0.9163567089984387 @ 37684 141473.37532043457 1
0.2744922948604534 = 0.6095186453011416 @ 44570 151738.95931243896 1
0.5578054480164584 = 0.05427521945635147 @ 42126 148210.97493171692 1
0.2891174203413886 = 0.9156738834694612 @ 31816 132666.0349369049 1
0.2999999995419525 = 1.0 @ 33632 135473.24991226196 1
0.27037450191611695 = 0.5093766844772961 @ 41876 147725.9705066681 1
0.980521289938229 = 0.000746955846529796 @ 44034 151023.90027046204 1
0.7000000003276455 = 1.0 @ 41066 146632.9460144043 1
0.8290952605939661 = 0.007384139233131329 @ 35296 138007.3001384735 1
0.1395906366351328 = 0.288295320675889 @ 37268 140925.02665519714 1
0.6762142955843724 = 0.6512191015523418 @ 46084 154029.1657447815 1
0.5000000004509964 = 1.0 @ 20924 115445.54853439331 1
0.29999999942879557 = 1.0 @ 35360 138093.33157539368 1
0.900000000580063 = 1.0 @ 30528 130685.786485672 1
0.5000000004847349 = 1.0 @ 33668 135521.21686935425 1
0.4285273142784866 = 0.0066143540426231 @ 11634 99866.70207977295 1
0.7000000006288851 = 1.0 @ 35684 138524.33156967163 1
0.08931688636942507 = 0.918622470645045 @ 47470 155987.3983860016 1
0.12703377524410464 = 0.5723199244670564 @ 41688 147476.97353363037 1
0.5000000000117923 = 1.0 @ 19590 113350.8141040802 1
0.11182885724808542 = 0.901068031112514 @ 48188 157080.45482635498 1
0.7000000008202361 = 0.9999999999999993 @ 48612 157637.41993904114 1
0.2999999996442211 = 1.0 @ 31798 132643.03302764893 1
0.5429578974980422 = 0.22666516932875305 @ 32954 134404.35457229614 1
0.4891173408335707 = 0.9156726989718336 @ 49288 158678.59506607056 1
0.3254445417175014 = 0.6110554343363143 @ 24942 121753.88169288635 1
0.7130100887758571 = 0.8814619676985669 @ 40156 145254.88662719727 1
0.700182076918537 = 0.999975460480104 @ 49978 159577.7027606964 1
0.6201133348141974 = 0.0008997633302829409 @ 29884 129594.75755691528 1
0.01625675227652262 = 0.0002597408643369402 @ 19382 113046.306848526 1
0.1336425692069952 = 0.4147963801578279 @ 29574 129157.24849700928 1
0.2999999999995775 = 1.0 @ 21378 116271.46220207214 1
0.5106550844216612 = 0.9190331061389255 @ 47948 156622.48039245605 1
0.45358541853281725 = 0.17206572550931667 @ 39990 144881.85453414917 1
0.4999999993951409 = 1.0 @ 21322 116191.49565696716 1
0.5000000003480385 = 1.0 @ 18690 111875.25796890259 1
0.32555885017994113 = 0.6082739956573379 @ 13770 103553.99775505066 1
0.7000000001000267 = 1.0 @ 40744 146034.94429588318 1
0.5897181847231528 = 1.7290195615937604e-05 @ 40574 145809.43083763123 1
0.7000000004861349 = 1.0 @ 35760 138623.29864501953 1
0.713349199559338 = 0.8755646918626873 @ 46328 154346.16565704346 1
0.2738199797789105 = 0.593141752799372 @ 38114 142191.54524803162 1
0.9341140040935881 = 0.4040850147617308 @ 45522 153142.17257499695 1
0.14985052878206792 = 0.12676919158113295 @ 45244 152781.0513973236 1
0.7000000002114879 = 1.0 @ 37558 141303.40695381165 1
0.700000000469097 = 1.0 @ 31132 131732.1286201477 1
0.055569728380479744 = 0.20230679087633024 @ 47520 156056.4022064209 1
0.8186965469129741 = 0.0005884657617200853 @ 28120 126946.99931144714 1
0.6885798202751889 = 0.907499583761558 @ 48464 157439.45264816284 1
0.9118592545584008 = 0.9005822744787055 @ 38952 143327.54707336426 1
0.0999999995519251 = 1.0 @ 38538 142760.53595542908 1
0.8999999994831919 = 1.0 @ 22850 118506.71005249023 1
0.05311623496015974 = 0.16535303161872258 @ 26540 124298.01201820374 1
0.29999999967454827 = 1.0 @ 33596 135426.24688148499 1
0.45377663356407344 = 0.174849554072589 @ 22596 118155.6806564331 1
0.9000000002653462 = 1.0 @ 23614 119755.89370727539 1
0.45442278474302455 = 0.18446256285594034 @ 38294 142430.51648139954 1
0.31029891082992644 = 0.9241709252004655 @ 49392 158812.5638961792 1
0.2891083674093279 = 0.9155389671580118 @ 49082 158405.5597782135 1
0.7000000003791106 = 1.0 @ 32076 133200.01816749573 1
0.6885572063258327 = 0.9071485606074176 @ 49976 159574.70226287842 1
0.2999999997570958 = 1.0 @ 32726 134088.2031917572 1
0.500000000289339 = 1.0 @ 19892 113787.78576850891 1
0.06872572207676933 = 0.4699454870677467 @ 49430 158864.56441879272 1
0.9118328535091641 = 0.9010042277611732 @ 42734 149023.992061615 1
0.08940342965474823 = 0.91988739845409 @ 49356 158765.5966281891 1
0.6885796157958459 = 0.90749641231893 @ 44936 152225.9283065796 1
0.4719713899069201 = 0.5480776405633794 @ 42064 148130.97381591797 1
0.7491900764664525 = 0.13478544683057686 @ 49116 158454.5578956604 1
0.5255068165397443 = 0.6095402678698676 @ 46850 155030.16567230225 1
0.9000000003066149 = 1.0 @ 23618 119761.8932723999 1
0.6885919439447044 = 0.9076875360682969 @ 44922 152205.92784881592 1
0.15040169540311787 = 0.12032722944113128 @ 45438 153036.0827445984 1
0.08944919172575 = 0.9205527242227753 @ 48012 156850.67176818848 1
0.0893143918414997 = 0.9185858807715933 @ 48650 157687.42060661316 1
0.6640472743069542 = 0.36332384420242186 @ 6276 90185.6336593628 1
0.92618126270628 = 0.5931114622286923 @ 41154 146751.9416809082 1
0.6999999999206683 = 1.0 @ 28084 126892.99941062927 1
0.5000000001947351 = 1.0 @ 36340 139543.9751148224 1
0.6885769569160776 = 0.9074551692364385 @ 46236 154227.16546058655 1
0.8735331999275009 = 0.5861488643818262 @ 43442 150100.89898109436 1
0.6999999999298696 = 1.0 @ 39986 144877.85458564758 1
0.4897861221204681 = 0.9253753745607137 @ 19588 113347.81312942505 1
0.2416810506924391 = 0.050985874220905156 @ 9650 96264.41407203674 1
0.90000000027609 = 1.0 @ 25752 123031.67915344238 1
0.9000000005986446 = 1.0 @ 48118 156989.71009254456 1
0.09999999974947879 = 1.0 @ 30746 131001.08790397644 1
0.7000000004730964 = 1.0 @ 41698 147491.94383621216 1
0.9317619522915753 = 0.4584264139034843 @ 34188 136363.7547492981 1
0.48901912413014226 = 0.9142039189787734 @ 46080 154024.1677761078 1
0.22241456816151448 = 0.0016820534569704083 @ 20126 114308.7887763977 1
0.7000000006235376 = 1.0 @ 33794 135684.21602249146 1
0.10000000016502535 = 1.0 @ 36062 139177.9534816742 1
0.09999999940862582 = 1.0 @ 37860 141705.94310760498 1
0.2999999993723411 = 1.0 @ 32068 133190.04821777344 1
0.7000000006210416 = 1.0 @ 33216 134919.64483261108 1
0.9000000005790412 = 1.0 @ 26746 124587.71681785583 1
0.0999999999653886 = 1.0 @ 33814 135710.25896072388 1
0.6630094531864805 = 0.3411075062126929 @ 31792 132634.00173187256 1
0.5000000003311939 = 1.0 @ 31682 132487.0057106018 1
0.9123400836366077 = 0.892764864562408 @ 40064 145128.88741493225 1
0.42722129150485544 = 0.005084850135476891 @ 30384 130474.75743293762 1
0.12354430780088956 = 0.6570208525139969 @ 47798 156432.475566864 1
0.9000000003270849 = 1.0 @ 27726 126213.94920349121 1
0.29999999937900124 = 1.0 @ 26812 124688.71879577637 1
0.7000000003978754 = 1.0 @ 32772 134150.19989013672 1
0.80863817632457 = 6.1270415031736005e-06 @ 21708 116731.49347305298 1
0.10022185092924149 = 0.9999635685479773 @ 49232 158606.5957546234 1
0.3103294976237101 = 0.9237355797100593 @ 48526 157523.42057228088 1
0.747606336324538 = 0.15534271952307896 @ 4798 87188.09390068054 1
0.700000063494512 = 0.9999999999970157 @ 48406 157362.42246627808 1
0.2891281395873697 = 0.9158335106894461 @ 37480 141201.33471488953 1
0.11133402778835788 = 0.908831604602602 @ 42938 149287.9934310913 1
0.7134074827373043 = 0.8745394410646327 @ 40356 145518.46146583557 1
0.09999999938233176 = 1.0 @ 32582 133894.16527748108 1
0.299999506567771 = 0.9999999998197748 @ 49604 159094.5999622345 1
0.4243646333785745 = 0.002712391287666267 @ 41138 146731.94193840027 1
0.6201045262002407 = 0.0008974805879857371 @ 37432 141138.60535621643 1
0.24006934748055303 = 0.041611605895548014 @ 25418 122575.00743865967 1
0.7000000006411944 = 1.0 @ 41058 146622.97320365906 1
0.9000000003790809 = 1.0 @ 22992 118703.89604568481 1
0.49999999938899103 = 1.0 @ 22508 118034.67297554016 1
0.700000000057479 = 1.0 @ 26928 124859.7424030304 1
0.49999999976083703 = 1.0 @ 21042 115793.58506202698 1
0.4696375743820249 = 0.49166968557009755 @ 41650 147427.94251441956 1
0.469563481960527 = 0.48989628651733785 @ 37308 140978.9915084839 1
0.2999999996693197 = 1.0 @ 46176 154148.17237854004 1
0.8892653078231737 = 0.9178644404654571 @ 47496 156021.36850357056 1
0.4894801107998301 = 0.9210008613319256 @ 44668 151866.929769516 1
0.08920729536512575 = 0.9170081603162087 @ 47018 155400.16531944275 1
0.7000000005978748 = 1.0 @ 40384 145554.46243286133 1
0.5000000003114828 = 1.0 @ 31708 132522.1471786499 1
0.49999999968266773 = 1.0 @ 24360 120956.89463615417 1
0.08957928758840315 = 0.9224307359248298 @ 48300 157225.45504570007 1
0.30000000295907037 = 0.9999999999999933 @ 49610 159101.56416893005 1
0.4891177897389677 = 0.915679386613214 @ 47436 155944.331407547 1
0.900000000441884 = 1.0 @ 24156 120676.86581611633 1
0.29999999969116453 = 1.0 @ 35488 138260.33449172974 1
0.5897037611551132 = 1.7434958351496806e-05 @ 5190 88111.09209060669 1
0.0999999993968096 = 1.0 @ 43404 150051.899433136 1
0.8999999999377459 = 1.0 @ 20142 114331.78567886353 1
0.1642262307867768 = 0.022882198457028876 @ 46276 154279.13761138916 1
0.08952459657306522 = 0.9216436631601351 @ 47580 156142.3990726471 1
0.3599814475388769 = 0.04133871601163549 @ 40392 145564.46075439453 1
0.299999999827002 = 1.0 @ 33180 134869.6415424347 1
0.13875089999793708 = 0.3048827268103952 @ 45522 153142.17257499695 1
0.8999999995818015 = 1.0 @ 41582 147339.94507789612 1
0.7000000002810051 = 1.0 @ 29926 129653.75876426697 1
0.016025785085262898 = 0.00023881185195518298 @ 49566 159045.59516906738 1
0.5000000003016394 = 1.0 @ 25820 123128.71098518372 1
0.9000000001516999 = 1.0 @ 23798 120009.89580154419 1
0.912170094811125 = 0.8955571187108035 @ 46230 154219.1677093506 1
0.9110885184576296 = 0.9125814620720006 @ 47352 155833.3237171173 1
0.2585661604682917 = 0.2535623996285242 @ 39996 144889.88375663757 1
0.08931871005743047 = 0.9186492160149725 @ 33366 135125.21862983704 1
0.09999999943539425 = 1.0 @ 30348 130423.7585067749 1
0.889285691209329 = 0.9181643771461471 @ 47320 155793.3213710785 1
0.6999999998082974 = 1.0 @ 33516 135321.24662399292 1
0.2600476510506443 = 0.2812948719727299 @ 11316 99388.59820365906 1
0.29999999940543626 = 1.0 @ 34282 136490.74816703796 1
0.9516519256792386 = 0.10653906751074323 @ 35208 137890.29932022095 1
0.6214703461723001 = 0.0013127067398605512 @ 22876 118543.74361038208 1
0.09999983577656077 = 0.9999999999800366 @ 43972 150792.89984703064 1
0.3857019591045084 = 0.00012202106478683383 @ 40496 145703.43279838562 1
0.07181305070532713 = 0.544225553904196 @ 49642 159143.59712600708 1
0.2883771716710194 = 0.9043335898236958 @ 49054 158369.55976486206 1
0.665905144903277 = 0.40451815361123633 @ 36698 140018.98622512817 1
0.8427753124567641 = 0.05817957409672557 @ 23500 119594.86222267151 1
0.8999999994100412 = 1.0 @ 43226 149822.49808311462 1
0.911878123600931 = 0.9002802327021813 @ 47722 156329.4370174408 1
0.49999999997740063 = 1.0 @ 21212 116028.4628868103 1
0.09999999934482592 = 1.0 @ 35036 137655.75575828552 1
0.1814230009491841 = 0.0005668737864619521 @ 35900 138805.29880523682 1
0.8267955635118234 = 0.0046526192084955145 @ 27420 125766.97754859924 1
0.500000000514505 = 1.0 @ 19422 113102.31566429138 1
0.8452651638714779 = 0.07725398565564537 @ 11194 99201.60031318665 1
0.31032752543092984 = 0.923763683599683 @ 32126 133269.0179347992 1
0.9000000003208606 = 1.0 @ 24868 121656.87942504883 1
0.29999999939847244 = 1.0 @ 31446 132170.08876800537 1
0.4224530126572522 = 0.001698708569060231 @ 40052 145112.88690567017 1
0.09999999995525681 = 1.0 @ 37036 140616.02425575256 1
0.9000000005214756 = 1.0 @ 46198 154178.16638946533 1
0.7133544091592784 = 0.8754731889832976 @ 36540 139808.9897632599 1
0.33802498682353077 = 0.31958881756855234 @ 33502 135303.21550369263 1
0.9000000001959158 = 1.0 @ 27052 125231.74381256104 1
0.5275185508337864 = 0.5605001801343877 @ 44382 151486.93203926086 1
0.11182843289135075 = 0.9010748052608453 @ 47258 155711.32373809814 1
0.5248711416286933 = 0.6249863441786374 @ 44152 151189.41378593445 1
0.09999999987231661 = 1.0 @ 34810 137187.72435188293 1
0.3102694959048477 = 0.9245885447711546 @ 45164 152675.96077919006 1
0.8442200200892767 = 0.06877304596269579 @ 32516 133806.13708496094 1
0.6445665653844712 = 0.07150731243517744 @ 21586 116561.49315834045 1
0.32331800083948103 = 0.6624471627291739 @ 40476 145675.46033859253 1
0.09999999975890687 = 1.0 @ 34494 136764.75477218628 1
0.9000000004262703 = 1.0 @ 24046 120527.89354324341 1
0.3000000000481007 = 1.0 @ 28954 128145.48778533936 1
0.6444945137695794 = 0.07093252397339396 @ 47154 155576.7161846161 1
0.0321164564956293 = 0.012752698459448392 @ 12586 101570.01781463623 1
0.3389541243766647 = 0.3008260225954854 @ 40214 145332.88598060608 1
0.6886062224709801 = 0.907908683207279 @ 36682 139997.95651435852 1
0.31031652274958194 = 0.923920388049175 @ 49008 158303.0014038086 1
0.25817394353586876 = 0.24647953775720216 @ 48850 157949.45240020752 1
0.7000000005477334 = 1.0 @ 35936 138853.33013534546 1
0.0999999996235666 = 1.0 @ 32894 134321.24423980713 1
0.29999999934053556 = 1.0 @ 32570 133879.16493415833 1
0.48909760917310435 = 0.9153785137324278 @ 45914 153658.65993499756 1
0.4999999999394386 = 1.0 @ 21150 115941.91837310791 1
0.29999931935780333 = 0.9999999996570756 @ 49452 158893.56517791748 1
0.6885873657993826 = 0.9076165808335985 @ 29648 129260.24723052979 1
0.962846045028158 = 0.027996928165356084 @ 27758 126259.94873046875 1
0.42436444734077805 = 0.0027122731530760413 @ 45982 153746.16599082947 1
0.91097599196967 = 0.9142772172773179 @ 28006 126782.69505500793 1
0.6999999993307924 = 1.0 @ 26230 123871.2363243103 1
0.36015631001767556 = 0.04040948120550607 @ 41356 147022.94206619263 1
0.03252027025355628 = 0.013655733034201886 @ 22128 117515.69080352783 1
0.0999999994875932 = 1.0 @ 39014 143565.65856933594 1
0.09999999848869207 = 0.999999999999998 @ 49626 159123.56424331665 1
0.08953390668350322 = 0.9217778961537594 @ 49858 159423.1321811676 1
0.5000000000933106 = 1.0 @ 21764 116814.46194648743 1
0.2999999997589367 = 1.0 @ 33188 134882.6446533203 1
0.9314418866695096 = 0.46597810320153576 @ 44290 151367.41518974304 1
0.2999999995762923 = 1.0 @ 33838 135744.7226047516 1
0.9000000006273237 = 1.0 @ 28316 127228.99532318115 1
0.47309568262432966 = 0.5754774366862232 @ 43550 150240.86546897888 1
0.5000000000611335 = 1.0 @ 21034 115781.58283233643 1
0.87431997901315 = 0.6053243097957233 @ 46868 155054.13436889648 1
0.6610572267599478 = 0.30105190382418084 @ 18336 111380.16557693481 1
0.9248296319878835 = 0.6259932084380228 @ 20488 114830.56163787842 1
0.3000000005596899 = 1.0 @ 26812 124688.71879577637 1
0.6999999997500919 = 1.0 @ 41678 147463.97399902344 1
0.29999999938781297 = 1.0 @ 30634 130825.75535774231 1
0.7000000002903343 = 1.0 @ 36412 139638.95654678345 1
0.10000000266143647 = 0.9999999999999947 @ 49390 158810.5640411377 1
0.4702317654214263 = 0.5059378511173506 @ 39594 144344.62785720825 1
0.7000000003105513 = 1.0 @ 21082 115848.55127334595 1
0.8887409984116152 = 0.9099847903213633 @ 49338 158743.59560012817 1
0.5000000005029496 = 1.0 @ 19750 113581.78544044495 1
0.8891864461751209 = 0.9166994672956402 @ 48768 157843.42002868652 1
0.01567671462932798 = 0.0002098268643415966 @ 31694 132504.03356552124 1
0.9000000006367779 = 1.0 @ 42228 148344.45190429688 1
0.7054480955723954 = 0.978242287433226 @ 49762 159294.16275024414 1
0.3372309877550554 = 0.33604855296266883 @ 25018 122036.87906265259 1
0.2999999996958459 = 1.0 @ 29930 129659.75522994995 1
0.9000000005596407 = 1.0 @ 19282 112906.27408027649 1
0.5441689619725082 = 0.20651133271670757 @ 39924 144796.8852519989 1
0.9107357241011333 = 0.9178492431017623 @ 48088 156951.68113708496 1
0.5236018640392204 = 0.6556387785155691 @ 21906 117016.4623260498 1
0.8999999993628331 = 1.0 @ 26902 124822.7162361145 1
0.3274633867008603 = 0.5618447051729133 @ 41670 147452.9731273651 1
0.10000000252422117 = 0.9999999999999953 @ 49140 158485.53466796875 1
0.31034319731510174 = 0.9235402310045326 @ 34502 136777.72283554077 1
0.9439077385085495 = 0.21076579607748022 @ 45840 153559.6284866333 1
0.09999999957270415 = 1.0 @ 29530 129100.24642944336 1
0.3104391153060895 = 0.922166288375705 @ 46582 154681.13470077515 1
0.2221511892827808 = 0.001571476913766244 @ 49476 158925.60172080994 1
0.6885738419014045 = 0.9074068407459702 @ 47278 155738.32392692566 1
0.900000000499497 = 1.0 @ 23558 119675.86398124695 1
0.2999999996527569 = 1.0 @ 30362 130443.75658035278 1
0.5262320449934137 = 0.5918733846457501 @ 39568 144310.62936782837 1
0.16048540337468997 = 0.03870304312968144 @ 38278 142409.58762168884 1
0.49999999953813423 = 1.0 @ 28348 127278.46956253052 1
0.5000000005468206 = 1.0 @ 21764 116814.46194648743 1
0.8999999997332444 = 1.0 @ 23938 120199.89371299744 1
0.5000000005534002 = 1.0 @ 21432 116349.49326515198 1
0.30017727025344254 = 0.9999767390070252 @ 49532 158999.56703186035 1
0.32590702108597885 = 0.5997953414047653 @ 41188 146796.94175720215 1
0.489240947972172 = 0.917505357866885 @ 33240 134951.6429901123 1
0.29999999940723715 = 1.0 @ 32028 133124.01819229126 1
0.5240064380820602 = 0.6459025541568821 @ 33970 135913.75517845154 1
0.7000000006467031 = 1.0 @ 34006 136118.74723434448 1
0.2999999996610912 = 1.0 @ 34138 136297.7545261383 1
0.7000000005896179 = 1.0 @ 40464 145659.4319343567 1
0.9000000005818262 = 1.0 @ 25420 122577.97741889954 1
0.499999999357222 = 1.0 @ 24172 120696.89607620239 1
0.7000000002550485 = 1.0 @ 27578 125999.9794960022 1
0.9667717657162409 = 0.015358711765331552 @ 49916 159496.164560318 1
0.49999999985424937 = 1.0 @ 20180 114393.29314231873 1
0.8999999998455627 = 1.0 @ 42218 148332.45182037354 1
0.29999999939011646 = 1.0 @ 30704 130929.46314811707 1
0.09999999949296864 = 1.0 @ 30402 130499.75752830505 1
0.2999999993472666 = 1.0 @ 32006 133090.05284309387 1
0.33952592190409714 = 0.2895570615759035 @ 21382 116276.49354934692 1
0.49999999951443314 = 1.0 @ 20212 114439.29266929626 1
0.48903412653575806 = 0.9144289901427143 @ 46250 154245.16534805298 1
0.7294242961347546 = 0.5142308364476942 @ 20054 114211.78603172302 1
0.24168349243453718 = 0.051001159909332267 @ 42174 148275.97498893738 1
0.7000000005961741 = 1.0 @ 30508 130657.75537490845 1
0.5431067421479457 = 0.22412936952904325 @ 36556 139830.98435401917 1
0.8999999995802482 = 1.0 @ 24800 121564.9106502533 1
0.9000000002563968 = 1.0 @ 22470 117977.70547866821 1
0.6999999997818118 = 1.0 @ 34644 136966.75968170166 1
0.4890908768797339 = 0.9152780372653551 @ 49782 159321.16317749023 1
0.05308810287770539 = 0.16495586689138067 @ 49070 158391.56246185303 1
0.09999999934628617 = 1.0 @ 30360 130441.78485870361 1
0.09999999985353042 = 1.0 @ 26748 124592.7152633667 1
0.8999999995140764 = 1.0 @ 47566 156122.39837646484 1
0.2999999993506024 = 1.0 @ 29714 129356.24861717224 1
0.9000000003232088 = 1.0 @ 20142 114331.78567886353 1
0.911959665550979 = 0.8989704901124914 @ 38870 143220.51644325256 1
0.4999999997045878 = 1.0 @ 24170 120693.8624382019 1
0.6758357759643465 = 0.6420959443215718 @ 7752 92852.98252105713 1
0.9000000004384985 = 1.0 @ 45358 152932.08265304565 1
0.2228753924436206 = 0.0018906594037265748 @ 19562 113312.81733512878 1
0.2999999994121152 = 1.0 @ 38260 142385.54692268372 1
0.4999999999295996 = 1.0 @ 25914 123255.71131706238 1
0.5000000002973196 = 1.0 @ 36168 139318.98617744446 1
0.48914596219382367 = 0.9160986250369489 @ 44602 151780.92908859253 1
0.8751517168019989 = 0.6255408321140251 @ 48092 156956.71033859253 1
0.6999962686048062 = 0.9999999896936829 @ 49146 158495.56016921997 1
0.8738180126283401 = 0.5930937955666014 @ 40108 145192.88778305054 1
0.11124531926082537 = 0.9101944074516769 @ 45122 152623.9631175995 1
0.8999999993478831 = 1.0 @ 42554 148786.98539733887 1
0.3600332387605163 = 0.04106184963174205 @ 46844 155022.16815948486 1
0.8893986560916938 = 0.9198178553867614 @ 2356 82577.56543159485 1
0.4999999996681626 = 1.0 @ 12152 100921.01550102234 1
0.8999999998072143 = 1.0 @ 17546 110063.62843513489 1
0.10000000058240766 = 1.0 @ 32370 133606.96625709534 1
0.8163133780750949 = 0.00026509556522121377 @ 1000 79621.4497089386 1
0.8893440965896541 = 0.9190211207235831 @ 41002 146540.9450531006 1
0.7000000004124948 = 1.0 @ 35156 137817.32940673828 1
0.9481393883327842 = 0.14821207349288706 @ 49040 158350.9702682495 1
0.725031195019239 = 0.621101845078737 @ 16294 108035.60018539429 1
0.7000000000687716 = 1.0 @ 35966 138893.32938194275 1
0.712944456569637 = 0.8825898070329468 @ 49936 159524.16491508484 1
0.9000000006032935 = 1.0 @ 24948 121761.9059085846 1
0.6999999997881446 = 1.0 @ 28668 127740.48733711243 1
0.699999999805203 = 1.0 @ 34920 137339.75458145142 1
0.5000000001059589 = 1.0 @ 39968 144855.85594177246 1
0.7969631848531852 = 1.1755499635114484e-08 @ 8708 94588.38820457458 1
0.09999999984257123 = 1.0 @ 28610 127648.46873283386 1
0.2577727671064879 = 0.23934955007305408 @ 24838 121618.87907981873 1
0.0999999995097472 = 1.0 @ 28872 128031.51845932007 1
0.09999999995668582 = 1.0 @ 28768 127883.48984718323 1
0.10000000065411543 = 1.0 @ 43034 149570.9924697876 1
0.5422888469900611 = 0.23826484581240154 @ 29002 128379.71353530884 1
0.9000000004193631 = 1.0 @ 24300 120871.86431884766 1
0.5621175772729441 = 0.031024790069487433 @ 18494 111599.13468360901 1
0.25858376822946394 = 0.2538829515663043 @ 42672 148940.99283218384 1
0.06884176839488904 = 0.4726973158133461 @ 43412 150061.87653541565 1
0.9638061484618303 = 0.024356088413161166 @ 32056 133172.01614379883 1
0.10000000050420639 = 1.0 @ 25926 123271.68202400208 1
0.6760326969569852 = 0.6468459095935315 @ 29520 129084.24997329712 1
0.874709093438722 = 0.6147917717724742 @ 49112 158448.5583305359 1
0.6886286398189208 = 0.9082554227267055 @ 36770 140116.98532104492 1
0.8438857120183977 = 0.06620722734887025 @ 28628 127678.46870422363 1
0.5436754064647703 = 0.21459268523106315 @ 29774 129440.274477005 1
0.9252857400242401 = 0.6149173764118635 @ 29264 128742.27285385132 1
0.4890488886490142 = 0.9146502039580684 @ 47646 156227.39577293396 1
0.7000000005120226 = 1.0 @ 33144 134819.64468955994 1
0.49999999970910125 = 1.0 @ 20888 115395.54810523987 1
0.4999999993576857 = 1.0 @ 25370 122510.00642776489 1
0.49999999958429414 = 1.0 @ 18556 111687.13545799255 1
0.299999999910786 = 1.0 @ 32296 133508.62455368042 1
0.5104981819502745 = 0.9213148130272841 @ 29434 128968.27793121338 1
0.4999999999126962 = 1.0 @ 25156 122221.91071510315 1
0.2999999997713676 = 1.0 @ 25108 122157.91153907776 1
0.7000000005746265 = 1.0 @ 45514 153132.08270072937 1
0.6999999996341737 = 1.0 @ 32890 134316.2727355957 1
0.1355350341631244 = 0.3724325087746691 @ 36346 139550.9855747223 1
0.5000000002592886 = 1.0 @ 15766 107036.52858734131 1
0.5000000000571644 = 1.0 @ 45614 153264.66131210327 1
0.7000000005149073 = 1.0 @ 33280 135006.67262077332 1
0.6463392254713229 = 0.08671675324430289 @ 46922 155124.13430213928 1
0.6737842092289106 = 0.5922696758056327 @ 40260 145390.4309272766 1
0.05321811061473755 = 0.1667963388174027 @ 39198 143822.66211509705 1
0.7498237184863275 = 0.12708827939109327 @ 49546 159019.59490776062 1
0.6885904390839672 = 0.907664215302273 @ 43098 149653.49817276 1
0.7000000004437527 = 1.0 @ 36882 140260.99634170532 1
0.7000000005693015 = 1.0 @ 29450 128991.27984046936 1
0.11252594573902244 = 0.8896765991473562 @ 38010 142055.94277381897 1
0.699999999725104 = 1.0 @ 30278 130319.75936889648 1
0.10000000011410665 = 1.0 @ 26454 124185.97102165222 1
0.9104461838517449 = 0.9220646080646728 @ 26394 124102.94508934021 1
0.3101800747863025 = 0.9258517890983032 @ 42664 148931.99276924133 1
0.8999999999484556 = 1.0 @ 22472 117980.67688941956 1
0.5000000006232946 = 1.0 @ 32204 133385.5903148651 1
0.30000000000439486 = 1.0 @ 31144 131748.08835983276 1
0.7000000005755206 = 1.0 @ 34044 136167.7529811859 1
0.9000000006144593 = 1.0 @ 27076 125274.74117279053 1
0.8893126462484695 = 0.9185602720062778 @ 38310 142453.54795455933 1
0.29999999944671524 = 1.0 @ 33034 134672.38974571228 1
0.6457720684129518 = 0.08162389544680299 @ 48138 157014.68110084534 1
0.7000000006453906 = 1.0 @ 33196 134892.66896247864 1
0.7000000006350949 = 1.0 @ 36678 139992.9552078247 1
0.09999999966406331 = 1.0 @ 26866 124768.74661445618 1
0.9000000005744453 = 1.0 @ 22168 117569.6907043457 1
0.4999999994201925 = 1.0 @ 23532 119641.86239242554 1
0.38610410268326156 = 0.0001031131671635687 @ 36698 140018.98622512817 1
0.09999999982209468 = 1.0 @ 27204 125462.74518966675 1
0.2999999998501397 = 1.0 @ 22088 117453.68671417236 1
0.49999999946542933 = 1.0 @ 22904 118582.71312713623 1
0.7162668363246673 = 0.8203379249057206 @ 45090 152577.92901992798 1
0.7000000003732623 = 1.0 @ 32890 134316.2727355957 1
0.29999999942571715 = 1.0 @ 34162 136328.75657081604 1
0.05323238183530683 = 0.16699915503681206 @ 38354 142513.51523399353 1
0.2999999994128174 = 1.0 @ 32928 134368.24536323547 1
0.9000000005591131 = 1.0 @ 34996 137445.7528591156 1
0.06787677482130271 = 0.44994304080941294 @ 29946 129684.75556373596 1
0.9775507769722431 = 0.0016970608911569065 @ 16016 107615.0631904602 1
0.4999999994078791 = 1.0 @ 22708 118305.69887161255 1
0.7124293375031523 = 0.8912864072886022 @ 2568 82919.59643363953 1
0.49999999963081226 = 1.0 @ 24078 120573.894739151 1
0.2999999993425655 = 1.0 @ 44326 151413.9609336853 1
0.2999999995993742 = 1.0 @ 31140 131742.11382865906 1
0.2889790569635417 = 0.9136015517657561 @ 43318 149942.5027370453 1
0.36045582836814155 = 0.03885415356000653 @ 22052 117405.6589603424 1
0.11159467072400119 = 0.9047762377502813 @ 47748 156363.4374141693 1
0.11097590956858544 = 0.914278453730078 @ 42400 148583.4550857544 1
0.49999999934764894 = 1.0 @ 22906 118584.74111557007 1
0.5375263718646619 = 0.3298805512935866 @ 43014 149543.99156570435 1
0.5000000004970573 = 1.0 @ 18652 111824.16582107544 1
0.8892639453066401 = 0.9178443741396651 @ 47872 156525.47979354858 1
0.6452705758678406 = 0.07729974516068536 @ 15706 106948.52828979492 1
0.700000000618552 = 1.0 @ 35770 138636.29865646362 1
0.8999999993869449 = 1.0 @ 20932 115457.54837989807 1
0.09999999992889093 = 1.0 @ 36616 139913.98549079895 1
0.29999999961365886 = 1.0 @ 30478 130615.78226089478 1
0.489043481815048 = 0.9145692103197435 @ 46070 154009.16695594788 1
0.25651211332576757 = 0.21771085687486103 @ 40480 145682.43312835693 1
0.9119912067081386 = 0.8984619235549498 @ 45892 153629.62865829468 1
0.08965760828633892 = 0.9235517245066135 @ 49122 158462.55779266357 1
0.9000000006018457 = 1.0 @ 42246 148366.45245552063 1
0.49999999989529514 = 1.0 @ 24816 121587.87941932678 1
0.7000000004046959 = 1.0 @ 35616 138431.29992485046 1
0.9000000003148009 = 1.0 @ 48122 156994.7121143341 1
0.03145612782691584 = 0.011377395974590658 @ 1286 80507.02095031738 1
0.5000000006591334 = 1.0 @ 32340 133567.65604019165 1
0.09999999984062125 = 1.0 @ 30576 130748.75521659851 1
0.09999999949114774 = 1.0 @ 35078 137712.749004364 1
0.2999999997661661 = 1.0 @ 31084 131660.09044647217 1
0.4726829547087389 = 0.565412206899406 @ 45846 153567.66080856323 1
0.8999999998577535 = 1.0 @ 44804 152050.9593486786 1
0.1000000003846378 = 1.0 @ 31830 132686.00177764893 1
0.19662176395887299 = 2.226568989222781e-08 @ 1000 79621.4497089386 1
0.8737984612604216 = 0.5926171431363196 @ 43192 149778.49674224854 1
0.9000000002701937 = 1.0 @ 48806 157892.4515247345 1
0.30000000001086347 = 1.0 @ 28604 127640.46931266785 1
0.11222542621030669 = 0.8946516427190562 @ 38218 142330.5470943451 1
0.829458741412018 = 0.007912942514798783 @ 43906 150703.89699935913 1
0.08912883946030914 = 0.9158439283382606 @ 43828 150602.89859771729 1
0.5107245001666153 = 0.9180144738478969 @ 15292 106315.01126289368 1
0.47401790082460266 = 0.5979659294268443 @ 32280 133486.59372329712 1
0.29999999945935846 = 1.0 @ 26518 124269.0110206604 1
0.9000000005966435 = 1.0 @ 22740 118350.67629814148 1
0.10000000060257183 = 1.0 @ 44978 152280.95769882202 1
0.675567450038558 = 0.6356115973719298 @ 45286 152837.08238601685 1
0.7000000002412252 = 1.0 @ 38156 142246.5488910675 1
0.11224589218410844 = 0.8943158916436096 @ 46534 154620.16797065735 1
0.0893379921952629 = 0.9189317618750393 @ 48560 157567.41976737976 1
0.10000000043551205 = 1.0 @ 27922 126491.9490814209 1
0.5636479902430751 = 0.024929429238305656 @ 32216 133401.62467956543 1
0.10000000020050795 = 1.0 @ 25400 122551.00703239441 1
0.8999999999521394 = 1.0 @ 41288 146929.9783706665 1
0.5000000001681695 = 1.0 @ 34120 136270.7405090332 1
0.09999999945360422 = 1.0 @ 37806 141635.94317436218 1
0.0703528219584908 = 0.5088541043586728 @ 46990 155212.16535568237 1
0.986347629634251 = 9.288895272567836e-05 @ 48630 157661.452293396 1
0.9000000002930586 = 1.0 @ 23342 119373.8625049591 1
0.3298659939898635 = 0.5035850224448708 @ 45820 153534.66153144836 1
0.5000000004880852 = 1.0 @ 46644 154761.13438606262 1
0.5409030953466818 = 0.26332127613238165 @ 45392 152976.08089447021 1
0.11146719934519736 = 0.9067690822635699 @ 45876 153607.66077041626 1
0.7084373737775032 = 0.9485215734527798 @ 49878 159449.13411140442 1
0.7126428687134123 = 0.887715111192748 @ 30082 130045.75538635254 1
0.7000000006167951 = 1.0 @ 27626 126065.97995758057 1
0.2999999996061472 = 1.0 @ 28560 127577.47030258179 1
0.4891186106864045 = 0.915691616210248 @ 49894 159469.16389465332 1
0.18142000698406857 = 0.0005674065050871852 @ 21548 116509.4645023346 1
0.09999655813621938 = 0.9999999912310344 @ 46940 155146.13556861877 1
0.6737082414949458 = 0.590417433965008 @ 44230 151289.41559791565 1
0.09999999951685438 = 1.0 @ 41360 147031.94189071655 1
0.31022291677369795 = 0.9252477514524052 @ 40566 145799.43323135376 1
0.29999999972844127 = 1.0 @ 34072 136205.74736595154 1
0.11172836555177762 = 0.9026666812509216 @ 44274 151346.41456604004 1
0.6886204035097435 = 0.9081280936041592 @ 49014 158311.96904182434 1
0.8999999994380843 = 1.0 @ 24084 120580.8937549591 1
0.49999999998420086 = 1.0 @ 27688 126157.94801712036 1
0.6445919999994547 = 0.07171100898827196 @ 44946 152238.96098136902 1
0.2999999999910178 = 1.0 @ 24792 121554.87895011902 1
0.935054545345894 = 0.38302335632984646 @ 46244 154237.16568946838 1
0.2999999998545301 = 1.0 @ 27260 125540.33923149109 1
0.6885852274769539 = 0.9075834315817448 @ 36324 139521.986246109 1
0.8999999993312116 = 1.0 @ 42920 149264.995098114 1
0.09999999951402186 = 1.0 @ 32818 134214.23625946045 1
0.31041446361316904 = 0.9225204396464538 @ 49756 159287.1322631836 1
0.3102521147910074 = 0.9248348309506784 @ 44310 151392.96126365662 1
0.09999999952705035 = 1.0 @ 38446 142633.51392745972 1
0.08926699784937767 = 0.9178893271599392 @ 48688 157738.45267295837 1
0.700000000494341 = 1.0 @ 30664 130872.78723716736 1
0.5000000003104562 = 1.0 @ 45186 152704.9310207367 1
0.09999999933502601 = 1.0 @ 39998 144891.88027381897 1
0.4891325514314904 = 0.9158991717901175 @ 38366 142529.54578399658 1
0.48935746219323994 = 0.9192166206162196 @ 49062 158380.52892684937 1
0.5000000005933773 = 1.0 @ 18880 112139.2605304718 1
0.9454778111635512 = 0.18596961587738708 @ 45924 153671.6592311859 1
0.5000000006326408 = 1.0 @ 32508 133795.13669013977 1
0.09999999997422322 = 1.0 @ 30994 131357.08785057068 1
0.06729268722302757 = 0.43632526782085673 @ 47804 156440.44041633606 1
0.3102898458157449 = 0.924299735554373 @ 44346 151438.96174430847 1
0.700000935554307 = 0.9999999993521136 @ 46766 154920.16553878784 1
0.16039782240982645 = 0.03915180997116796 @ 37340 141020.99180221558 1
0.10000000048037769 = 1.0 @ 36278 139460.98828315735 1
0.5000000001062028 = 1.0 @ 30550 130714.75529670715 1
0.7307396225301763 = 0.48265597062299603 @ 38324 142472.51558303833 1
0.5000000001412658 = 1.0 @ 20336 114616.57953262329 1
0.7000000004834426 = 1.0 @ 27368 125691.95485115051 1
0.8892440143399087 = 0.9175505963487474 @ 49804 159348.15788269043 1
0.06892942939456892 = 0.47477865879661973 @ 27306 125602.9806137085 1
0.9000000001539659 = 1.0 @ 23068 118989.8955821991 1
0.6999999996225734 = 1.0 @ 44724 151941.92957878113 1
0.14981895899574332 = 0.12714498112498235 @ 30408 130508.75806808472 1
0.9281768475665847 = 0.5444712374503239 @ 24488 121131.89435005188 1
0.844612731039978 = 0.07187734289906847 @ 30034 129980.75938224792 1
0.9000000003534457 = 1.0 @ 46292 154301.13744735718 1
0.9631003862749623 = 0.026994565381443902 @ 37936 141804.91185188293 1
0.6999999994486983 = 1.0 @ 22544 118087.67294883728 1
0.8999999995902208 = 1.0 @ 45226 152757.05480575562 1
0.29999999940370636 = 1.0 @ 36288 139473.9866256714 1
0.5436296854263403 = 0.2153505382982248 @ 43170 149748.46506118774 1
0.912064456926365 = 0.8972766698474148 @ 39900 144765.8543586731 1
0.2890833790095243 = 0.9151660734445128 @ 49764 159297.1625328064 1
0.8999999997802015 = 1.0 @ 19700 113505.81336021423 1
0.49999999998599354 = 1.0 @ 27994 126595.94798088074 1
0.09999999981703614 = 1.0 @ 41426 147116.96767807007 1
0.2598475700343568 = 0.27746066984169065 @ 40892 146232.9444885254 1
0.9475140949762086 = 0.15659850907375283 @ 2454 82734.56597328186 1
0.4999999999445073 = 1.0 @ 24796 121560.88280677795 1
0.10000000043631647 = 1.0 @ 33276 135001.67298316956 1
0.289118983840364 = 0.9156971748018765 @ 44142 151176.4144897461 1
0.48912880216302684 = 0.9158433731803377 @ 48986 158126.4569759369 1
0.24232426364246917 = 0.05513012393731319 @ 9466 95973.41895103455 1
0.9000000002844678 = 1.0 @ 30514 130666.76807403564 1
0.9000000000328005 = 1.0 @ 25214 122300.88233947754 1
0.11168180357072524 = 0.9034036252729051 @ 49302 158697.56388664246 1
0.499999999967891 = 1.0 @ 18816 112051.25784873962 1
0.8999999996220853 = 1.0 @ 37444 141154.61206436157 1
0.7306992503221371 = 0.48361896909508945 @ 46892 155084.13457870483 1
0.09999999995531808 = 1.0 @ 35416 138165.33374786377 1
0.29999999562832974 = 0.999999999999986 @ 49490 158944.59509849548 1
0.6756927754354064 = 0.6386418496250997 @ 38438 142622.55311012268 1
0.48923141051455293 = 0.9173645808907829 @ 45798 153502.65979766846 1
0.27412499659454115 = 0.6005754029437392 @ 45154 152662.9605293274 1
0.2999999995086648 = 1.0 @ 35930 138845.32976150513 1
0.3266143507653819 = 0.5825501453358685 @ 25144 122205.90806007385 1
0.82959469506276 = 0.008118264216949372 @ 35312 138031.29982948303 1
0.28893584749329637 = 0.9129498820874148 @ 41350 147015.9420967102 1
0.4999999895834307 = 0.9999999999999194 @ 48298 157223.4592437744 1
0.499999999709248 = 1.0 @ 17816 110438.13514709473 1
0.5000000002257715 = 1.0 @ 21042 115793.58506202698 1
0.7000000001172926 = 1.0 @ 35014 137625.75340270996 1
0.8892513603795642 = 0.9176589289350661 @ 44424 151539.95895385742 1
0.3942560271450618 = 5.351272806357407e-07 @ 19056 112586.28988265991 1
0.09999999945718661 = 1.0 @ 29464 129012.28427886963 1
0.8999999995066241 = 1.0 @ 44102 151121.89745903015 1
0.4999999999855519 = 1.0 @ 18790 112010.26129722595 1
0.911617398719866 = 0.9044190138491418 @ 48016 156855.67259788513 1
0.2999999999938221 = 1.0 @ 28878 128039.51930999756 1
0.49999999980433474 = 1.0 @ 19146 112712.30840682983 1
0.6885758652437721 = 0.9074382335173676 @ 32136 133284.01803970337 1
0.08872452423301394 = 0.9097321200604457 @ 36246 139420.98736763 1
0.7000000005980368 = 1.0 @ 34268 136469.75588798523 1
0.928368273566426 = 0.5398173805714166 @ 35854 138746.33193016052 1
0.3102212579015478 = 0.9252711808978198 @ 47066 155461.74716949463 1
0.9659823530680945 = 0.017447760240020056 @ 47162 155586.7476463318 1
0.9000000002898819 = 1.0 @ 23640 119790.8947467804 1
0.3210814382212391 = 0.7152177412127296 @ 49910 159489.16602134705 1
0.11220163366308546 = 0.895041401757313 @ 46168 154137.16793060303 1
0.5243357154652518 = 0.6379532134924883 @ 38024 142073.5466480255 1
0.9000000001955855 = 1.0 @ 19350 113001.2755393982 1
0.042766713998498296 = 0.058120318343419186 @ 30936 131276.11827850342 1
0.015752037768630118 = 0.0002158224051844772 @ 21116 115894.57964897156 1
0.09999999997707978 = 1.0 @ 32792 134178.2021522522 1
0.6755870781301893 = 0.6360863705753724 @ 39944 144825.8888721466 1
0.36083435772236305 = 0.03695312350041815 @ 34750 137107.7539920807 1
0.9124515117332568 = 0.8909177862829577 @ 38888 143244.54641342163 1
0.1388069126552077 = 0.30376194885514457 @ 38352 142510.5242729187 1
0.11196690173025298 = 0.8988539104770463 @ 49600 159088.5968208313 1
0.11144115097788576 = 0.9071740785461311 @ 39990 144882.8866481781 1
0.09999999996393764 = 1.0 @ 33276 135001.67298316956 1
0.5000000006225456 = 1.0 @ 32650 133984.16543006897 1
0.30000000045931374 = 1.0 @ 36344 139548.95520210266 1
0.2223772637915572 = 0.001666019093483371 @ 45016 152480.93104362488 1
0.8476835234494902 = 0.09966821701535457 @ 32184 133357.0158481598 1
0.9000000005979494 = 1.0 @ 45368 152944.05269622803 1
0.5000000001679594 = 1.0 @ 44608 151787.95957565308 1
0.08915525662060528 = 0.9162367356796878 @ 43108 149666.4683818817 1
0.9000000002426338 = 1.0 @ 26010 123560.68086624146 1
0.8893252147131794 = 0.9187445787497078 @ 49732 159256.13379478455 1
0.8438720684708654 = 0.0661039988630132 @ 20506 114855.57985305786 1
0.30000000025102885 = 1.0 @ 31428 132146.08812332153 1
0.8999999998544902 = 1.0 @ 20668 115082.55124092102 1
0.9000000000733238 = 1.0 @ 19294 112923.27404022217 1
0.0999999996058081 = 1.0 @ 30336 130405.757188797 1
0.5258099637359561 = 0.6021597849510566 @ 32676 134020.2076435089 1
0.2560976453994806 = 0.21085402049699967 @ 27892 126450.94776153564 1
0.9000000002350838 = 1.0 @ 14888 105459.0356349945 1
0.88886965119612 = 0.9119473950366472 @ 36372 139587.98742294312 1
0.8999999994451054 = 1.0 @ 37912 141774.9102115631 1
0.7966954918599602 = 1.950697706830449e-08 @ 8640 94487.24317550659 1
0.5106033590543659 = 0.9197884899797357 @ 25096 122139.88304138184 1
0.09999999934560252 = 1.0 @ 35618 138434.30161476135 1
0.2999999997683206 = 1.0 @ 32242 133434.62467193604 1
0.6769435466060939 = 0.6687018621414136 @ 24554 121219.89703178406 1
0.08969316766645297 = 0.9240582838973328 @ 39984 144874.85527992249 1
0.8999999997081721 = 1.0 @ 35460 138222.29957580566 1
0.08920127827868889 = 0.916919123041034 @ 44664 151860.93187332153 1
0.7002100590082376 = 0.9999673384097788 @ 49634 159133.59546661377 1
0.7000000005414682 = 1.0 @ 27936 126512.97998428345 1
0.2999999995983758 = 1.0 @ 30116 130094.75779533386 1
0.9000000006525193 = 1.0 @ 17642 110197.66092300415 1
0.499999999446095 = 1.0 @ 32340 133567.65604019165 1
0.5597052202659638 = 0.04283893159799305 @ 40088 145163.88845443726 1
0.0896367163036117 = 0.9232534106780889 @ 49510 158970.5638885498 1
0.03251806020067657 = 0.013650658541995684 @ 37900 141758.9750289917 1
0.6885322366822719 = 0.906760305292072 @ 40576 145811.429977417 1
0.8123981130975912 = 5.252431177349421e-05 @ 5126 88009.09447669983 1
0.9000000004131115 = 1.0 @ 28118 126943.99619102478 1
0.29999999948362777 = 1.0 @ 31420 132136.12008094788 1
0.9000000005634363 = 1.0 @ 22472 117980.67688941956 1
0.4544465953822835 = 0.18482286900907038 @ 22842 118495.74112892151 1
0.8999999995596217 = 1.0 @ 19556 113305.78565597534 1
0.7974144048532346 = 4.480907548679042e-09 @ 44260 151328.4146785736 1
0.8999999996875335 = 1.0 @ 19044 112568.29047203064 1
0.5414465326880437 = 0.2533314559386141 @ 48172 157059.67831611633 1
0.28904649166007124 = 0.9146143015361655 @ 47132 155548.7470626831 1
0.6885755927070745 = 0.907434005295487 @ 45618 153270.6320285797 1
0.889282957098074 = 0.9181241734011019 @ 47332 155808.3245754242 1
0.8999999996127466 = 1.0 @ 18212 111199.13625717163 1
0.9264851697341514 = 0.5857008551000074 @ 10660 98120.59664726257 1
0.2999999993405006 = 1.0 @ 30862 131174.12090301514 1
0.6065094200598019 = 1.1309174734139448e-06 @ 1000 79621.4497089386 1
0.9421326320245773 = 0.24102035406987293 @ 25100 122147.91011810303 1
0.2999999995319581 = 1.0 @ 24664 121374.86243247986 1
0.6593012905079689 = 0.2671322645163358 @ 41188 146796.94175720215 1
0.28882288746467677 = 0.9112361872424364 @ 47966 156644.51098442078 1
0.7743053277556922 = 0.0036697984448565172 @ 36610 139905.9545993805 1
0.155490121002784 = 0.07105482107226531 @ 39258 143902.63032913208 1
0.8999999996315211 = 1.0 @ 26128 123726.20868682861 1
0.4999999993997444 = 1.0 @ 42102 148177.97589302063 1
0.8999999996815422 = 1.0 @ 28636 127690.46902656555 1
0.18349248883773034 = 0.0002841468451403947 @ 41562 147313.97533416748 1
0.5174024215582423 = 0.7969046531009832 @ 40088 145162.8875732422 1
0.10000000062348194 = 1.0 @ 28526 127531.46862983704 1
0.08953573269881207 = 0.9218042116433863 @ 49534 159001.59764289856 1
0.5000000003960422 = 1.0 @ 20808 115281.55040740967 1
0.5000000006352545 = 1.0 @ 43004 149529.95944023132 1
0.12235300251971587 = 0.6854256204789825 @ 43290 149906.4977169037 1
0.7128443463668817 = 0.884301582316651 @ 48036 156882.71021842957 1
0.7000000006284056 = 1.0 @ 37114 140719.02418136597 1
0.4999999995227775 = 1.0 @ 25328 122454.91170883179 1
0.49999999982512733 = 1.0 @ 20014 114157.78589248657 1
0.2999999996150899 = 1.0 @ 33804 135698.24767112732 1
0.29999999965994373 = 1.0 @ 26594 124373.7142086029 1
0.6029581745366066 = 1.0044405669675806e-08 @ 12008 100696.66862487793 1
0.05306244517086345 = 0.16459416030151183 @ 49466 158912.56427764893 1
0.9110329013373513 = 0.9134214148670656 @ 47140 155559.75008010864 1
0.6884300155193683 = 0.9051635891285589 @ 31454 132181.09011650085 1
0.500000000423017 = 1.0 @ 20342 114625.57983398438 1
0.899999999728166 = 1.0 @ 19156 112727.3051738739 1
0.3104903077312223 = 0.9214285609361585 @ 34224 136410.72273254395 1
0.3764526150248686 = 0.0022319537947170453 @ 5098 87969.09260749817 1
0.5000000004688028 = 1.0 @ 27832 126367.97523498535 1
0.08949821118651381 = 0.9212626853506656 @ 48544 157547.45078086853 1
0.28904476026326037 = 0.9145883643338966 @ 45518 153137.08424568176 1
0.28908555912169603 = 0.915198635191365 @ 39726 144532.99808502197 1
0.4463074703488343 = 0.08642585989557057 @ 49440 158876.56545639038 1
0.49999999949853413 = 1.0 @ 22364 117833.6730003357 1
0.5439593288849304 = 0.2099215022890892 @ 24932 121740.91029167175 1
0.09999999989027111 = 1.0 @ 31736 132560.0287914276 1
0.3598557760086854 = 0.042016314683508534 @ 5586 88742.61140823364 1
0.500000000253637 = 1.0 @ 33932 135864.75539207458 1
0.9000000003334525 = 1.0 @ 25396 122543.97416114807 1
0.5000000005636503 = 1.0 @ 22650 118230.67426681519 1
0.29999999945135014 = 1.0 @ 31258 131919.0890789032 1
0.28901558760482016 = 0.9141508251881147 @ 49192 158554.54516410828 1
0.05627764313588351 = 0.21381607999711558 @ 43106 149663.49864006042 1
0.0999999998649277 = 1.0 @ 30210 130226.75514221191 1
0.29999999962672264 = 1.0 @ 34642 136964.75458145142 1
0.700000000593159 = 1.0 @ 34550 136840.7244682312 1
0.15826338568802434 = 0.05133454568453504 @ 30554 130719.75517272949 1
0.900000000565816 = 1.0 @ 44202 151253.4143924713 1
0.299999999973247 = 1.0 @ 35256 137954.3309211731 1
0.0519865492010052 = 0.1498773168851779 @ 37670 141455.37447929382 1
0.38267242511798 = 0.0003774787813484637 @ 3274 84396.07167243958 1
0.5000000004398688 = 1.0 @ 35598 138406.30221366882 1
0.3102388009755028 = 0.9250232416593329 @ 36924 140316.02478027344 1
0.572910175826193 = 0.004948088789621885 @ 19204 112798.27404022217 1
0.100000000063716 = 1.0 @ 34658 136985.74805259705 1
0.9000000003071391 = 1.0 @ 20090 114259.81664657593 1
0.8298906903952921 = 0.00857987244839922 @ 15134 106073.01306724548 1
0.500000000429631 = 1.0 @ 41994 147883.9454650879 1
0.3361870640160406 = 0.3582547738906856 @ 37240 140885.0257396698 1
0.6999999997938062 = 1.0 @ 31314 131992.11883544922 1
0.7000000003340643 = 1.0 @ 28668 127739.48812484741 1
0.31026147887359 = 0.9247021887590569 @ 49416 158844.56419944763 1
0.7000000005855838 = 1.0 @ 29394 128917.24753379822 1
0.09999999962335804 = 1.0 @ 40470 145667.45376586914 1
0.7000000005000242 = 1.0 @ 40786 146088.97733688354 1
0.9334254438590524 = 0.41976229335358384 @ 33628 135468.24669837952 1
0.29999999955313184 = 1.0 @ 31376 132077.08764076233 1
0.900000000278957 = 1.0 @ 19700 113505.81336021423 1
0.2733747532806933 = 0.5822843834394428 @ 17210 109583.65941047668 1
0.5000000003820102 = 1.0 @ 23746 119936.8941783905 1
0.299999882713463 = 0.9999999999898175 @ 49752 159281.1312675476 1
0.7000000002446002 = 1.0 @ 34826 137208.72330665588 1
0.11075685010880806 = 0.9175378441403661 @ 3242 84348.07133674622 1
0.09999999947859198 = 1.0 @ 36626 139926.98574066162 1
0.6886052843627986 = 0.9078941607331796 @ 48694 157746.45137786865 1
0.28909545557320626 = 0.915346377898635 @ 35482 138253.32951545715 1
0.2592655420007801 = 0.26646358840978573 @ 47548 156098.3703136444 1
