0.09999999972292328 = 1.0 @ 40774 65913.55586051941 1
0.34418756386633276 = 0.20621032439484147 @ 41442 66999.09543991089 1
0.09999999935643186 = 1.0 @ 44126 71072.69716262817 1
0.2889940313948681 = 0.9138268918586527 @ 46734 74794.22307014465 1
0.5468102173698282 = 0.16639421351742156 @ 26876 45029.56438064575 1
0.9000000005105897 = 1.0 @ 34876 57195.8646774292 1
0.07498199248521287 = 0.6214220347401761 @ 44368 71387.69721984863 1
0.48874294214802966 = 0.9100145818312638 @ 37940 61720.625162124634 1
0.9112905654061252 = 0.9095004156058852 @ 31620 52249.36366081238 1
0.2999999996930123 = 1.0 @ 41118 66563.57836723328 1
0.5000000006658435 = 1.0 @ 32428 53466.1078453064 1
0.09999999889801711 = 0.9999999999999993 @ 47564 76022.40443229675 1
0.4999999994343877 = 1.0 @ 28124 47069.64588165283 1
0.5655229349751855 = 0.01876103862307607 @ 39650 64274.55258369446 1
0.6999999996084234 = 1.0 @ 20882 35305.065393447876 1
0.29999999937548916 = 1.0 @ 24410 41320.436000823975 1
0.07314533683760675 = 0.5766885671996781 @ 39628 64245.58520317078 1
0.0999999998800127 = 1.0 @ 30122 50089.8871421814 1
0.24204765788294252 = 0.05331882865029207 @ 29336 48856.38093948364 1
0.4577130952428453 = 0.23829899625296283 @ 47404 75815.37532806396 1
0.6999999997910364 = 1.0 @ 23662 40037.28890419006 1
0.3000000005176662 = 1.0 @ 24596 41573.434591293335 1
0.6999999999832703 = 1.0 @ 20674 34970.55625915527 1
0.4887009604439284 = 0.9093701804708788 @ 40152 65085.57987213135 1
0.09999999986720325 = 1.0 @ 34414 56582.67879486084 1
0.09999999984053096 = 1.0 @ 38710 62887.462854385376 1
0.9000000005838248 = 1.0 @ 48284 77087.95881271362 1
0.6999999997722872 = 1.0 @ 22810 38611.990451812744 1
0.9000000001849988 = 1.0 @ 31604 52228.36375236511 1
0.7133662794172047 = 0.8752645948385944 @ 46438 74411.25154495239 1
0.09999996675147557 = 0.999999999999182 @ 48504 77372.00617790222 1
0.6999999997844055 = 1.0 @ 21374 36348.75512123108 1
0.09999999935780635 = 1.0 @ 34254 56368.709325790405 1
0.9000000005294259 = 1.0 @ 35472 58140.440464019775 1
0.6999999999730566 = 1.0 @ 23196 39360.27479171753 1
0.5142518996568518 = 0.859311346260416 @ 48910 77895.41816711426 1
0.10000000043500135 = 1.0 @ 30836 51039.85571861267 1
0.7130801787363776 = 0.8802526519416216 @ 44154 71107.6672077179 1
0.5141010719364649 = 0.8620818166670758 @ 49768 79145.4210281372 1
0.9000000002692227 = 1.0 @ 26766 44879.56357002258 1
0.7000000000640813 = 1.0 @ 39348 63878.00574302673 1
0.3684412693832481 = 0.011583079895706512 @ 19426 32695.072174072266 1
0.09999999976809978 = 1.0 @ 37244 60796.53024673462 1
0.4440376351944175 = 0.06736454775282397 @ 26480 44485.56303977966 1
0.1106144688771281 = 0.9196265085539433 @ 49592 78916.44978523254 1
0.900000000015267 = 1.0 @ 33200 54732.64455795288 1
0.09999999999933173 = 1.0 @ 28200 47171.67663574219 1
0.6999999995125152 = 1.0 @ 20706 35021.554946899414 1
0.30000000054716836 = 1.0 @ 33602 55297.64413833618 1
0.2999999993838574 = 1.0 @ 41170 66632.55381584167 1
0.45563544827096913 = 0.2033594014086289 @ 45542 73055.739402771 1
0.8889193590949132 = 0.9127006470747225 @ 44802 71949.71442222595 1
0.0999999995032247 = 1.0 @ 40218 65172.55139350891 1
0.7733202292798209 = 0.004540295960870206 @ 26604 44655.563831329346 1
0.9816087708152907 = 0.0005346106978350431 @ 42050 68035.05897521973 1
0.8888475435380216 = 0.9116114801624406 @ 43618 70266.15953445435 1
0.5424247256608535 = 0.23588250783383627 @ 48252 77047.99485206604 1
0.6999999999372402 = 1.0 @ 20056 33784.58881378174 1
0.11065150612262081 = 0.9190854632535647 @ 49486 78781.44669532776 1
0.5000022153564436 = 0.9999999963671433 @ 49368 78631.41822814941 1
0.10000000015588703 = 1.0 @ 46444 74420.25184631348 1
0.29999999973698743 = 1.0 @ 31520 52114.36319351196 1
0.9000000005433854 = 1.0 @ 32914 54187.129497528076 1
0.09999999937994578 = 1.0 @ 29930 49665.85469245911 1
0.688866017575755 = 0.9118922222097526 @ 45468 72959.716796875 1
0.6999046973130032 = 0.9999932768933285 @ 49740 79109.44724082947 1
0.8999999999526014 = 1.0 @ 29492 49069.34833526611 1
0.7000000005254008 = 1.0 @ 35548 58238.440990448 1
0.29999999936443794 = 1.0 @ 23826 40275.88963508606 1
0.6999999998781816 = 1.0 @ 36790 60048.94971847534 1
0.09999999977210772 = 1.0 @ 39132 63600.42977333069 1
0.9305962683859651 = 0.4860773432645968 @ 46546 74551.22017860413 1
0.5000000000530941 = 1.0 @ 21290 36231.75644874573 1
0.6893507209921842 = 0.9191180425093136 @ 49610 78940.44661521912 1
0.1251026293367639 = 0.6193670518218162 @ 44174 71133.66603851318 1
0.09999999947901751 = 1.0 @ 38392 62469.88773345947 1
0.3114826912245521 = 0.9065278563469163 @ 48848 77816.41840934753 1
0.5132939330818822 = 0.8765337303656984 @ 47074 75378.82375717163 1
0.669433449750475 = 0.4867872842070822 @ 45432 72912.7447605133 1
0.7000000004147646 = 1.0 @ 23196 39360.27479171753 1
0.6999999998376729 = 1.0 @ 21204 36094.75898742676 1
0.11074364558720884 = 0.9177325405318886 @ 46894 75000.22006034851 1
0.48720685499541727 = 0.8851730633905575 @ 43902 70632.19261169434 1
0.2651975188604925 = 0.3886259543033838 @ 39396 63940.00577926636 1
0.49999999967105224 = 1.0 @ 28508 47585.803747177124 1
0.2999999994428104 = 1.0 @ 23870 40347.85723686218 1
0.8886170773599585 = 0.9080766513971351 @ 39734 64380.58042526245 1
0.2999999993734247 = 1.0 @ 25682 43230.02552986145 1
0.3000000003272981 = 1.0 @ 40752 65883.58449935913 1
0.2889174994495106 = 0.9126725175895306 @ 48272 77071.96187973022 1
0.09999999941563623 = 1.0 @ 33384 54981.64343833923 1
0.5000000004417038 = 1.0 @ 23308 39520.30277252197 1
0.7316437586435633 = 0.46121127652195615 @ 34698 56961.83371543884 1
0.4999999993873325 = 1.0 @ 28410 47459.80358123779 1
0.11066425211303266 = 0.9188988977644877 @ 47778 76294.40808296204 1
0.9000000005031892 = 1.0 @ 41246 66732.55372047424 1
0.01867782711547538 = 0.000585040984906622 @ 5878 9448.853492736816 1
0.7000000006361267 = 1.0 @ 21348 36312.75677680969 1
0.5000000004678112 = 1.0 @ 28602 47708.77003669739 1
0.512487283689352 = 0.8903220203484057 @ 41940 67703.05848121643 1
0.5437444527114654 = 0.21345116338520742 @ 33860 55679.17346954346 1
0.1262269610375417 = 0.5919973367550374 @ 45344 72800.74501037598 1
0.4889404909892363 = 0.913020016072413 @ 45008 72367.71368980408 1
0.34741870944574904 = 0.15790390092688783 @ 34200 56295.711040496826 1
0.9000000006117717 = 1.0 @ 33092 54585.11018753052 1
0.03849350815863006 = 0.03375062275871286 @ 40468 65506.58464431763 1
0.49999999940991363 = 1.0 @ 28864 48058.34865570068 1
0.29999999969536717 = 1.0 @ 28904 48108.3505153656 1
0.1000063025349556 = 0.9999999705970076 @ 48506 77375.00405311584 1
0.038609905490167074 = 0.034289661540869695 @ 1000 12.032747268676758 1
0.7127394022938216 = 0.886084871018927 @ 41624 67236.09042167664 1
0.39633724750829324 = 3.61515510074879e-08 @ 2530 3286.020040512085 1
0.2999999993958652 = 1.0 @ 23952 40466.85838699341 1
0.2889337441463074 = 0.9129181056461663 @ 43580 70214.15829658508 1
0.499999999604422 = 1.0 @ 31364 51909.36279296875 1
0.9110888410618749 = 0.9125765796561693 @ 20534 34649.5578289032 1
0.28907655197368687 = 0.9150640707095694 @ 28442 47499.773025512695 1
0.7000000005478202 = 1.0 @ 22134 37663.31505775452 1
0.110705305202601 = 0.9182967089625853 @ 45982 73678.22003364563 1
0.7135405269026972 = 0.8721863885139277 @ 44396 71421.69833183289 1
0.2999999997172085 = 1.0 @ 27862 46545.13740539551 1
0.9111277327252026 = 0.9119871082139017 @ 43076 69553.65061759949 1
0.9000000004316346 = 1.0 @ 37520 61157.4969291687 1
0.7120648937062326 = 0.8972695848923233 @ 48078 76824.40495491028 1
0.8888305606392746 = 0.911353055621015 @ 48764 77709.03086662292 1
0.15889129258068602 = 0.047494966003787935 @ 41912 67662.06049919128 1
0.44482519213173416 = 0.07359792942788734 @ 42196 68229.0587425232 1
0.09999999934832893 = 1.0 @ 37184 60716.538190841675 1
0.3000000001102967 = 1.0 @ 30056 50001.856088638306 1
0.6260012049218462 = 0.003924890346321321 @ 37758 61473.65951538086 1
0.005176541511832888 = 2.8713449572803594e-07 @ 1000 12.032747268676758 1
0.842092963162185 = 0.05361247276210151 @ 22200 37750.2875328064 1
0.8999999998606201 = 1.0 @ 39432 63991.03903770447 1
0.6999999996306046 = 1.0 @ 21734 36888.774156570435 1
0.6887410998636705 = 0.9099863453755979 @ 48366 77193.9914226532 1
0.8764269619167465 = 0.6563310633956108 @ 16538 27836.366891860962 1
0.911291429682865 = 0.9094871366683686 @ 45392 72861.7136478424 1
0.09999999939999243 = 1.0 @ 37148 60666.9499874115 1
0.49964463218240573 = 0.9999065242075142 @ 48838 77804.452419281 1
0.7000048257632923 = 0.9999999827617553 @ 49440 78724.41959381104 1
0.8617572899760125 = 0.3151430669962667 @ 42092 68090.09122848511 1
0.6999999998243094 = 1.0 @ 21264 36195.75524330139 1
0.9500619024063661 = 0.12427214722256107 @ 20832 35227.55980491638 1
0.5122141271370299 = 0.8948368150303138 @ 33470 55094.67911720276 1
0.35649684211788113 = 0.06335653315701414 @ 32594 53722.10907936096 1
0.09999999943077877 = 1.0 @ 35160 57725.40879249573 1
0.4047007580005131 = 1.6119750443313867e-07 @ 1000 12.032747268676758 1
0.9309952103943195 = 0.47656971147341565 @ 41274 66768.57900619507 1
0.5189849675096582 = 0.7627326276764451 @ 44936 72123.68202209473 1
0.2601860491300307 = 0.2839629500081695 @ 27504 46064.16916847229 1
0.0999999994649618 = 1.0 @ 37248 60801.493883132935 1
0.23953942639672277 = 0.038829878599647455 @ 24542 41500.404596328735 1
0.6999999999162541 = 1.0 @ 22134 37663.31505775452 1
0.5473447440474064 = 0.15892090820238614 @ 47978 76550.41408538818 1
0.8999999995607831 = 1.0 @ 43576 70209.15842056274 1
0.888793384302397 = 0.9107862080999389 @ 47050 75346.82774543762 1
0.24281439755733752 = 0.05844948105071736 @ 7048 11741.590738296509 1
0.9301633521739043 = 0.496441058461688 @ 45800 73427.71363258362 1
0.28894132701001973 = 0.9130326404631965 @ 43702 70374.19319152832 1
0.2999999997121151 = 1.0 @ 41018 66426.55396461487 1
0.34294732261207295 = 0.22684595188317322 @ 33912 55760.173320770264 1
0.09999999936812405 = 1.0 @ 35494 58168.440103530884 1
0.31116617527412965 = 0.911402749884446 @ 8696 14424.424171447754 1
0.6891728651232523 = 0.9164981156404151 @ 27552 46128.169775009155 1
0.09999999955280195 = 1.0 @ 43526 70145.19023895264 1
0.6888430080927268 = 0.9115424975371221 @ 43312 69862.19191551208 1
0.3000000001644447 = 1.0 @ 30708 50867.89059638977 1
0.5000000001119242 = 1.0 @ 45702 73282.71627426147 1
0.8999999996514167 = 1.0 @ 26272 44199.5644569397 1
0.5000000002169569 = 1.0 @ 35950 58772.950649261475 1
0.5000589481551184 = 0.9999974278224246 @ 49300 78542.45185852051 1
0.7131179673271011 = 0.8795985756427669 @ 47958 76524.41358566284 1
0.6854620874308524 = 0.853999053327526 @ 43856 70568.15981864929 1
0.2606348131410894 = 0.2927029900524624 @ 37648 61325.520038604736 1
0.9619403283067217 = 0.03179763170529658 @ 6994 11394.549369812012 1
0.9000000002282083 = 1.0 @ 47430 75850.40426254272 1
0.004991160386847615 = 2.3081200149009357e-07 @ 7140 11881.741285324097 1
0.11065121616256617 = 0.9190897052497418 @ 48580 77471.03571891785 1
0.12726903960727598 = 0.5665826794764482 @ 48966 77967.41890907288 1
0.8431909522906869 = 0.061096672027117466 @ 48924 77913.42115402222 1
0.2999999995531174 = 1.0 @ 27220 45688.1685256958 1
0.5000000005387272 = 1.0 @ 22832 38642.99488067627 1
0.0999999993425447 = 1.0 @ 36882 60168.91884803772 1
0.10000000045534319 = 1.0 @ 22658 38393.994092941284 1
0.29999812009254573 = 0.9999999973840226 @ 49914 79341.4192199707 1
0.861836678917221 = 0.3167606981579152 @ 49606 78934.4494342804 1
0.8893592660475287 = 0.9192429897911708 @ 29066 48501.3484954834 1
0.5000000005170864 = 1.0 @ 37562 61212.493658065796 1
0.8999999995136696 = 1.0 @ 32712 53911.13901138306 1
0.49999999934232475 = 1.0 @ 26142 44020.56312561035 1
0.6999999994630419 = 1.0 @ 20238 34039.55626487732 1
0.2888558616139154 = 0.9117379345006412 @ 40180 65123.552560806274 1
0.8623141434315564 = 0.3265721449126808 @ 42382 68471.10342979431 1
0.2999999998876753 = 1.0 @ 29740 49408.880949020386 1
0.3240687826962483 = 0.6443990780381237 @ 26174 44060.56308746338 1
0.09999999956196903 = 1.0 @ 37956 61742.655992507935 1
0.5410985965611395 = 0.25970338964360823 @ 42820 69065.6521320343 1
0.49999999936280504 = 1.0 @ 27298 45796.13637924194 1
0.09999999946953579 = 1.0 @ 38764 62961.42792701721 1
0.3843989581212538 = 0.00020394217444183072 @ 13716 23058.295011520386 1
0.2885951461200751 = 0.9077371515845959 @ 44626 71722.66602516174 1
0.700000000118881 = 1.0 @ 21218 36117.75708198547 1
0.1000000001748492 = 1.0 @ 47992 76568.41397285461 1
0.30000000054134124 = 1.0 @ 44892 72066.71333312988 1
0.7000036283913473 = 0.999999990254834 @ 49872 79288.44928741455 1
0.10640292202434301 = 0.970058966733243 @ 49892 79313.41886520386 1
0.7000000002264786 = 1.0 @ 20112 33861.58609390259 1
0.8889918420298957 = 0.9137939616281218 @ 28382 47421.25749588013 1
0.3115037431872315 = 0.9061996233390675 @ 47896 76443.38274002075 1
0.17692665549692696 = 0.0019864701449313514 @ 31168 51649.85728263855 1
0.32643021988268867 = 0.5870409792171959 @ 38172 62173.88844490051 1
0.2889174123593194 = 0.9126712001435766 @ 46056 73917.25277900696 1
0.12701569816389094 = 0.5727608139077975 @ 48190 76965.95859527588 1
0.06265399228190245 = 0.33364058490541815 @ 46580 74595.2558517456 1
0.7112004601450164 = 0.9108801735568777 @ 28154 47109.67707633972 1
0.732947007064268 = 0.4307740265497579 @ 32530 53610.11099815369 1
0.35939849107927746 = 0.04455183518489449 @ 35190 57763.40746879578 1
0.9112996260295666 = 0.9093611642398982 @ 37684 61372.493267059326 1
0.11114678188685712 = 0.9116977556037255 @ 33098 54592.67568588257 1
0.8881019963333688 = 0.8999615853329999 @ 36796 60057.947397232056 1
0.30000000012696126 = 1.0 @ 27862 46545.13740539551 1
0.11063581391761862 = 0.9193148927342235 @ 47310 75689.79740142822 1
0.4999999994444174 = 1.0 @ 31004 51423.86054992676 1
0.08779540857692225 = 0.8949929821591026 @ 26222 44128.56459617615 1
0.3112452428951217 = 0.9101955768008879 @ 41298 66798.58946800232 1
0.062114748456959884 = 0.32245764994629583 @ 38158 62156.85796737671 1
0.09999999980137408 = 1.0 @ 35322 57939.44072723389 1
0.30000000017549167 = 1.0 @ 24998 42129.42385673523 1
0.32613435733657187 = 0.5942549218300339 @ 29962 49708.85467529297 1
0.1000000004061713 = 1.0 @ 29362 48892.351388931274 1
0.09999999945312174 = 1.0 @ 48894 77875.41818618774 1
0.9376525935351046 = 0.32726089020974325 @ 41942 67706.09283447266 1
0.2999999999140468 = 1.0 @ 23952 40465.85917472839 1
0.29999999945818584 = 1.0 @ 26378 44347.59426116943 1
0.500000000628462 = 1.0 @ 34336 56479.67743873596 1
0.3113902509075151 = 0.9079632685607565 @ 47826 76355.40819168091 1
0.3000000002668659 = 1.0 @ 31094 51547.855377197266 1
0.6099663735306827 = 1.436447218328703e-05 @ 1248 883.5132122039795 1
0.4999999997868613 = 1.0 @ 42518 68652.65202522278 1
0.47459207743821497 = 0.6119462147331428 @ 14454 24370.295763015747 1
0.9780170979694955 = 0.0015039666127561271 @ 5782 9290.894269943237 1
0.09999323370940623 = 0.9999999661107237 @ 49910 79337.44645118713 1
0.90000000022347 = 1.0 @ 35590 58291.44048690796 1
0.2999999998166527 = 1.0 @ 30238 50237.85471916199 1
0.09999999946360227 = 1.0 @ 36358 59483.94966125488 1
0.7860774620342961 = 0.00010428584045181175 @ 7764 12794.218301773071 1
0.9000000001521034 = 1.0 @ 36740 59982.94901847839 1
0.30002393731566235 = 0.9999995758574719 @ 49436 78718.41931343079 1
0.6999999993658308 = 1.0 @ 22292 37880.34391403198 1
0.30000000003162686 = 1.0 @ 19152 32310.04309654236 1
0.9109927155528734 = 0.9140261136168136 @ 40334 65327.58569717407 1
0.9308785583669765 = 0.4793452890315762 @ 25680 43227.028131484985 1
0.900000031282346 = 0.9999999999992759 @ 49442 78726.41921043396 1
0.4999999994933114 = 1.0 @ 31720 52382.44414329529 1
0.8620861433635845 = 0.3218693906762691 @ 49890 79311.41877174377 1
0.7000000002252316 = 1.0 @ 27870 46555.171489715576 1
0.5841287768843659 = 0.00022559677722857948 @ 13354 22503.294944763184 1
0.6999999993919235 = 1.0 @ 21786 36967.77534484863 1
0.499999999428563 = 1.0 @ 26488 44497.600078582764 1
0.6255530976303205 = 0.0035565674074281898 @ 42716 68923.65169525146 1
0.07319574679366862 = 0.5779181462416176 @ 41362 66889.05906677246 1
0.15991698882666677 = 0.04168524087927906 @ 40324 65314.55445289612 1
0.9000000006053079 = 1.0 @ 34534 56746.67978286743 1
0.6999999994357933 = 1.0 @ 40120 65041.58687591553 1
0.08751743680446328 = 0.8904007156536851 @ 15944 26764.317989349365 1
0.7133435469916279 = 0.8756639443703407 @ 44556 71628.70144844055 1
0.5000000004062777 = 1.0 @ 29464 49031.38279914856 1
0.12657939659531042 = 0.5834026986645334 @ 45590 73117.74110794067 1
0.7314422671449963 = 0.46596910695400334 @ 11164 18869.54641342163 1
0.9268816352948627 = 0.5760306796015909 @ 48822 77784.10840034485 1
0.7000000005016271 = 1.0 @ 19660 33034.58118438721 1
0.245455909782476 = 0.07887841019178386 @ 47566 76025.40421485901 1
0.09999999937412721 = 1.0 @ 43028 69489.6833896637 1
0.09999999951025465 = 1.0 @ 35838 58625.4403591156 1
0.3114390778713959 = 0.9072062782350806 @ 39404 63950.00743865967 1
0.47629656559617994 = 0.6531979027545123 @ 44752 71884.68432426453 1
0.09999999947246685 = 1.0 @ 42960 69253.6518573761 1
0.09999999946895827 = 1.0 @ 39736 64382.585763931274 1
0.8999999994373824 = 1.0 @ 35474 58142.409324645996 1
0.09999999956871841 = 1.0 @ 36064 59094.945192337036 1
0.6999999997834608 = 1.0 @ 21394 36373.756885528564 1
0.22313062770867895 = 0.0020149167802371673 @ 35238 57826.44009590149 1
0.6999999994146466 = 1.0 @ 21950 37218.807220458984 1
0.07282395500559155 = 0.5688502968629756 @ 49500 78799.41821098328 1
0.900000000325638 = 1.0 @ 27356 45873.164892196655 1
0.10352065040976444 = 0.990862308573008 @ 49824 79223.42014312744 1
0.09999999933203493 = 1.0 @ 40132 65057.584047317505 1
0.5115227437822458 = 0.9059029490520382 @ 15344 25912.833213806152 1
0.7000000002754356 = 1.0 @ 20846 35248.55542182922 1
0.29999999976096453 = 1.0 @ 26178 44065.5632019043 1
0.6999999993363462 = 1.0 @ 37740 61447.659492492676 1
0.8888901052784334 = 0.9122576886765721 @ 46778 74851.2532711029 1
0.8891888589373433 = 0.916735216397445 @ 27584 46168.16711425781 1
0.49999999952725016 = 1.0 @ 23484 39757.3025226593 1
0.70000000012419 = 1.0 @ 21072 35810.75859069824 1
0.004647441816056292 = 1.5055256059861889e-07 @ 32928 54205.10935783386 1
0.6999999999324855 = 1.0 @ 20910 35347.0675945282 1
0.2999999995138811 = 1.0 @ 23956 40472.86009788513 1
0.9000000004149729 = 1.0 @ 34138 56209.707260131836 1
0.699999999461133 = 1.0 @ 23206 39375.27132034302 1
0.6458499926904597 = 0.0823108079073837 @ 34018 56060.67633628845 1
0.9278572801611458 = 0.5522482725657984 @ 37308 60880.529165267944 1
0.6999999995451067 = 1.0 @ 20518 34615.559339523315 1
0.6999999994288432 = 1.0 @ 21354 36321.75636291504 1
0.09999999957984676 = 1.0 @ 40018 64905.55286407471 1
0.614371586315316 = 0.00012577002134038523 @ 8192 13671.21934890747 1
0.9109095824847739 = 0.9152711795523132 @ 45738 73342.71502494812 1
0.3273696498671512 = 0.564129707957123 @ 49154 78355.45182228088 1
0.6999999993671945 = 1.0 @ 21080 35834.7601890564 1
0.9000000004986994 = 1.0 @ 33072 54557.140827178955 1
0.3000000003925398 = 1.0 @ 25372 42807.992935180664 1
0.09999999934890051 = 1.0 @ 32396 53426.10764503479 1
0.8103578587981073 = 1.8064775174484073e-05 @ 6866 11205.550193786621 1
0.9000000004736192 = 1.0 @ 45992 73690.22011756897 1
0.7000000006225635 = 1.0 @ 21072 35811.758041381836 1
0.9000000004474225 = 1.0 @ 35858 58650.40731430054 1
0.5254006878863566 = 0.6121221862629549 @ 26212 44113.56329917908 1
0.4999504516229132 = 0.9999981827297109 @ 49928 79360.41831970215 1
0.4999999993332179 = 1.0 @ 24180 40987.436056137085 1
0.7286316395657619 = 0.533421386958334 @ 12526 21065.593719482422 1
0.5000000003180873 = 1.0 @ 24184 40992.435693740845 1
0.8891532437399712 = 0.9162068337248305 @ 49008 78163.45167160034 1
0.3114014548859421 = 0.9077898040663307 @ 42940 69225.65197944641 1
0.11061397354231378 = 0.919633733617683 @ 18356 30943.877696990967 1
0.10000000020656621 = 1.0 @ 42836 69085.65044403076 1
0.4333792157692777 = 0.0157423716073001 @ 30078 50032.85789489746 1
0.5481132919265295 = 0.14855615434826538 @ 37272 60832.52692222595 1
0.4744989647527109 = 0.6096809440208453 @ 45978 73672.22023010254 1
0.11063830706414404 = 0.919278460635089 @ 47898 76445.38402557373 1
0.2039496138482323 = 5.680352218275942e-08 @ 1000 12.032747268676758 1
0.10000000020804842 = 1.0 @ 39132 63600.42977333069 1
0.09999999936621312 = 1.0 @ 37988 61782.65857696533 1
0.4999999995983909 = 1.0 @ 25360 42791.99290275574 1
0.6884409109333305 = 0.9053343330247864 @ 43746 70429.15844917297 1
0.4986705213429181 = 0.9986924111043495 @ 49406 78678.41815948486 1
0.7463203762265064 = 0.17343374494885147 @ 16940 28403.3682346344 1
0.29999999981599074 = 1.0 @ 22066 37567.28672981262 1
0.4569165712184373 = 0.22452546664788486 @ 16814 28225.3360748291 1
0.8615082370950552 = 0.3100941459172863 @ 16824 28238.336324691772 1
0.29999999959995144 = 1.0 @ 23008 39064.24522399902 1
0.09998339351640291 = 0.9999997958655367 @ 49046 78213.4518623352 1
0.7336531331486611 = 0.4145552862321251 @ 45264 72697.71552085876 1
0.7002545388533091 = 0.9999520421264373 @ 49990 79440.44971466064 1
0.6997774207130418 = 0.9999633289433488 @ 49646 78988.41857910156 1
0.9000000001761892 = 1.0 @ 34434 56609.67755317688 1
0.14450117183047018 = 0.2011748605920068 @ 15810 26562.35122680664 1
0.3110956300677134 = 0.9124738046877886 @ 15646 26330.34896850586 1
0.49999999940491047 = 1.0 @ 26910 45073.13895225525 1
0.5132087185550834 = 0.8780218487667905 @ 47506 75948.40455055237 1
0.09903113369174635 = 0.999305368296385 @ 49704 79063.45200538635 1
0.30000000052454706 = 1.0 @ 30320 50342.85473823547 1
0.49999999977179826 = 1.0 @ 21812 37008.77571105957 1
0.9000000006292832 = 1.0 @ 36720 59956.91967010498 1
0.300000000268703 = 1.0 @ 41044 66462.55350112915 1
0.0999999993656498 = 1.0 @ 28012 46923.67720603943 1
0.099999999344314 = 1.0 @ 40358 65359.551429748535 1
0.7000000002050433 = 1.0 @ 22762 38541.964530944824 1
0.5000000006559593 = 1.0 @ 47116 75432.80529975891 1
0.7477334668842346 = 0.15362252815974436 @ 44786 71929.71539497375 1
0.8889183356813304 = 0.9126851671406331 @ 38726 62908.427238464355 1
0.32426178605657296 = 0.6397398073596571 @ 43774 70463.16027641296 1
0.5000000000174998 = 1.0 @ 25436 42899.02997016907 1
0.29999999993731963 = 1.0 @ 27426 45967.13662147522 1
0.28906083250231407 = 0.9148290021141856 @ 46296 74229.25305366516 1
0.9000000005476868 = 1.0 @ 38660 62819.45538520813 1
0.6888514687786065 = 0.9116711628760558 @ 43370 69937.19124794006 1
0.2999999993951201 = 1.0 @ 26718 44813.56334686279 1
0.5000000002757384 = 1.0 @ 38322 62375.85496902466 1
0.49999999971978437 = 1.0 @ 38314 62365.886926651 1
0.900000000579777 = 1.0 @ 33816 55620.17297744751 1
0.31137624820766996 = 0.9081798655463796 @ 36952 60261.919021606445 1
0.49999999946411056 = 1.0 @ 25860 43468.995809555054 1
0.8999999998053059 = 1.0 @ 36822 60089.92123603821 1
0.299999999909876 = 1.0 @ 30234 50232.855558395386 1
0.08795202801664331 = 0.8975439189385648 @ 49604 78931.44941329956 1
0.09999999938286089 = 1.0 @ 46592 74610.22305488586 1
0.9000000001166542 = 1.0 @ 38858 63084.457874298096 1
0.8999999999034496 = 1.0 @ 32802 54035.10761260986 1
0.5478866658559849 = 0.15156589741694726 @ 28084 47015.6455039978 1
0.1798753299642557 = 0.0009027078049595706 @ 39400 63945.005893707275 1
0.5843151236022308 = 0.00021046982389612889 @ 39670 64298.58422279358 1
0.29999999953198747 = 1.0 @ 24358 41249.40323829651 1
0.2591904972900112 = 0.26506278054804233 @ 30542 50646.88062667847 1
0.08747491455650558 = 0.8896909780280823 @ 48332 77149.99222755432 1
0.22263406195263719 = 0.0017789511529322686 @ 42362 68443.10569763184 1
0.1611102460404726 = 0.03561216491871664 @ 43304 69851.1917591095 1
0.10000000846225185 = 0.9999999999999467 @ 49686 79041.44978523254 1
0.8999999995525912 = 1.0 @ 24136 40925.85730552673 1
0.09999999984542479 = 1.0 @ 31750 52423.412799835205 1
0.472652048431612 = 0.564658698469314 @ 44832 71987.71452903748 1
0.7127812708111303 = 0.88537478140866 @ 49194 78405.42101860046 1
0.9000000006276953 = 1.0 @ 39096 63551.429986953735 1
0.7696743878369734 = 0.009295514944403395 @ 14560 24549.29518699646 1
0.789669580956886 = 1.778202488727973e-05 @ 25526 43020.02453804016 1
0.12601208609070486 = 0.5972351520105057 @ 45024 72389.74475860596 1
0.3246629530980938 = 0.6300336493743626 @ 33520 55161.67759895325 1
0.2999999993516941 = 1.0 @ 23270 39465.301513671875 1
0.699999999741837 = 1.0 @ 23380 39618.305683135986 1
0.9111513248436846 = 0.9116286880536627 @ 37650 61328.5276889801 1
0.6707937671769004 = 0.5195001496503497 @ 27216 45682.17086791992 1
0.2999999999440102 = 1.0 @ 24358 41249.40323829651 1
0.30000000027021684 = 1.0 @ 23078 39182.27195739746 1
0.07455852285801354 = 0.6111299868274832 @ 30834 51036.85641288757 1
0.09999999950033318 = 1.0 @ 36964 60277.91881561279 1
0.4886544670318958 = 0.9086542029893379 @ 48996 78005.44953346252 1
0.625674341316274 = 0.0036533621774075195 @ 42450 68565.07587432861 1
0.07242268894023618 = 0.5590681856592591 @ 33316 54891.64328575134 1
0.6999999995288448 = 1.0 @ 19150 32306.04362487793 1
0.2999999995316227 = 1.0 @ 35674 58403.40733528137 1
0.513734508144932 = 0.868724225423968 @ 49050 78218.45173835754 1
0.699999999552546 = 1.0 @ 22908 38744.27676200867 1
0.09999999933566084 = 1.0 @ 40614 65700.58274269104 1
0.30000000049115166 = 1.0 @ 25406 42853.02400588989 1
0.29999999962105384 = 1.0 @ 26552 44584.56301689148 1
0.7498533476472438 = 0.12673567331039506 @ 42592 68753.65281105042 1
0.5000000003011602 = 1.0 @ 38130 62119.892835617065 1
0.5112390805436384 = 0.9102899159793617 @ 28948 48167.3846244812 1
0.6660298180926858 = 0.4073422548970097 @ 45748 73355.71360588074 1
0.6669724309146092 = 0.4289133035042765 @ 41556 67148.05865287781 1
0.6893285654108076 = 0.9187936830460681 @ 43658 70317.18969345093 1
0.900000000025486 = 1.0 @ 35884 58682.91926383972 1
0.4999991082505406 = 0.9999999994113642 @ 48498 77364.03775215149 1
0.12557368126492338 = 0.607913027039864 @ 41318 66826.55096054077 1
0.18360417663664141 = 0.0002730537750821069 @ 11370 19179.564237594604 1
0.1586450417453663 = 0.04897458387455654 @ 7162 11910.741567611694 1
0.08837495656502639 = 0.9042987301629545 @ 47326 75713.83118629456 1
0.4889287699135798 = 0.9128429370042339 @ 45990 73688.22002410889 1
0.09999999968004893 = 1.0 @ 35258 57855.40866851807 1
0.2999999993443842 = 1.0 @ 30646 50786.85712814331 1
0.28884612086654915 = 0.9115898443190683 @ 48662 77577.03614234924 1
0.29999999961736346 = 1.0 @ 24860 41934.422969818115 1
0.7898141634363625 = 1.635205035516026e-05 @ 45502 73004.74286079407 1
0.5000016251421986 = 0.9999999980450138 @ 49904 79329.44560050964 1
0.3000000001747073 = 1.0 @ 25882 43498.02589416504 1
0.0999999999710729 = 1.0 @ 42330 68402.11248397827 1
0.9000000004631894 = 1.0 @ 33642 55359.64393615723 1
0.29999999955098944 = 1.0 @ 25018 42329.99396324158 1
0.4999999997631004 = 1.0 @ 37794 61523.624658584595 1
0.9109829364348252 = 0.9141729854998042 @ 35334 57955.44075965881 1
0.28894756471231975 = 0.9131268080947238 @ 43746 70429.15844917297 1
0.31124221855857026 = 0.9102418816176696 @ 44538 71604.66623306274 1
0.9000654097784628 = 0.9999968330168414 @ 48970 77972.44930267334 1
0.49999999935922235 = 1.0 @ 22862 38683.27569961548 1
0.49999999946357465 = 1.0 @ 27618 46216.13907814026 1
0.545833114993807 = 0.18061746237320211 @ 45334 72788.71703147888 1
0.6656968082590529 = 0.3998147554531822 @ 37990 61784.655809402466 1
0.900000000666733 = 1.0 @ 38026 61982.88583755493 1
0.9000000001947067 = 1.0 @ 31630 52262.36295700073 1
0.6649843010385097 = 0.38388473054948047 @ 45732 73332.71431922913 1
0.10000089647952798 = 0.9999999994051032 @ 49138 78332.44752883911 1
0.87159447515215 = 0.538912209363838 @ 41942 67706.09283447266 1
0.9110096369964678 = 0.9137717124877968 @ 45688 73258.713722229 1
0.5119787960959217 = 0.8986621603812048 @ 38294 62336.894035339355 1
0.8135697592262667 = 8.961697260082887e-05 @ 24138 40928.85708808899 1
0.6880810282320247 = 0.8996250298448483 @ 48408 77247.98512458801 1
0.8890339417583283 = 0.9144262196216126 @ 24928 42030.45415878296 1
0.7000000001664766 = 1.0 @ 27162 45608.137130737305 1
0.4999999994997948 = 1.0 @ 20778 35130.55634498596 1
0.3413500228409117 = 0.25509027186479866 @ 29554 49150.85458755493 1
0.08836928997794333 = 0.9042095289092303 @ 43992 70747.19190597534 1
0.6887659373941465 = 0.9103667035907519 @ 41832 67512.0620727539 1
0.7000000003376216 = 1.0 @ 20984 35456.06827735901 1
0.9114300083674354 = 0.90734708996596 @ 49024 78184.45014953613 1
0.9614686720746172 = 0.03392506151572363 @ 33804 55603.17420959473 1
0.08720286759913257 = 0.8851052929165868 @ 47324 75711.82942390442 1
0.6999999999187536 = 1.0 @ 19900 33375.58126449585 1
0.7472765314808929 = 0.1598625013555383 @ 47152 75481.79888725281 1
0.11058313003847502 = 0.9200830587292427 @ 47322 75708.82964134216 1
0.1270219727146141 = 0.5726077806052002 @ 41860 67561.06400489807 1
0.9107260705235861 = 0.9179913649841593 @ 12710 21338.587045669556 1
0.7000000001295308 = 1.0 @ 19862 33322.58749008179 1
0.6670814914653904 = 0.43143286709281786 @ 44578 71656.66961669922 1
0.5669244541065771 = 0.014978154669128602 @ 43288 69830.19185066223 1
0.6999999998317785 = 1.0 @ 16650 27993.366956710815 1
0.2999999995976405 = 1.0 @ 26736 44839.73503112793 1
0.08730517677116142 = 0.8868389236249928 @ 44856 72021.6817855835 1
0.2883262931763724 = 0.9035315289895167 @ 49236 78462.45050430298 1
0.7000000006371607 = 1.0 @ 21914 37162.805795669556 1
0.4999999997893631 = 1.0 @ 23438 39694.27013397217 1
0.14183897538528759 = 0.24624812048373665 @ 21748 36909.7740650177 1
0.12636432708382286 = 0.5886478815456471 @ 47804 76328.40466499329 1
0.7000000001026391 = 1.0 @ 19264 32463.074922561646 1
0.688689567221464 = 0.9091949556659022 @ 46714 74769.25373077393 1
0.900000000409225 = 1.0 @ 33644 55361.64379119873 1
0.9000000006153737 = 1.0 @ 34670 56924.86524581909 1
0.09999999934177636 = 1.0 @ 33286 54850.6441116333 1
0.43392059592306037 = 0.017179686611674187 @ 30572 50688.857555389404 1
0.30000000000969496 = 1.0 @ 43084 69565.6533241272 1
0.8634562443158212 = 0.3505973448642763 @ 24348 41236.435890197754 1
0.09999999951542818 = 1.0 @ 38244 62272.88866043091 1
0.6999999994587291 = 1.0 @ 20370 34271.557569503784 1
0.2891340470839643 = 0.9159214263586782 @ 49218 78437.44659423828 1
0.5666351782314 = 0.015705476840529833 @ 47946 76509.38606262207 1
0.9000000006404315 = 1.0 @ 34954 57298.866271972656 1
0.16103368893633085 = 0.03598054552935895 @ 14898 25044.293880462646 1
0.6481148513908142 = 0.10409193165598406 @ 26002 43832.594871520996 1
0.5129482805456519 = 0.8825242163418818 @ 48214 76995.95880508423 1
0.5000000004651265 = 1.0 @ 25092 42430.99236488342 1
0.2888969040178915 = 0.9123607216389142 @ 46754 74820.25289535522 1
0.8091179195102465 = 8.456272350435576e-06 @ 32732 53939.10789489746 1
0.09999999955735651 = 1.0 @ 40828 65989.55416679382 1
0.8599671750050254 = 0.27974940908793056 @ 42356 68436.10644340515 1
0.49999999971820563 = 1.0 @ 25280 42683.99262428284 1
0.5000000000450693 = 1.0 @ 37562 61212.493658065796 1
0.500000000183445 = 1.0 @ 41550 67140.05851745605 1
0.7000000006510441 = 1.0 @ 21108 35892.75908470154 1
0.6885630635567765 = 0.9072395340421293 @ 43988 70741.19186401367 1
0.8888718611403045 = 0.9119809434324697 @ 44362 71379.6660900116 1
0.7000000004936002 = 1.0 @ 19294 32501.041650772095 1
0.07279876241631664 = 0.5682359636373469 @ 45736 73339.74623680115 1
0.05924519064219195 = 0.26608331462465146 @ 9606 16112.394332885742 1
0.20909228915009273 = 8.315606906690083e-06 @ 1246 878.5133361816406 1
0.5132000807629807 = 0.8781722827999217 @ 46910 75021.25334739685 1
0.5000000000446656 = 1.0 @ 37236 60786.52763366699 1
0.09999999971482526 = 1.0 @ 33960 55830.17539978027 1
0.4999999993937635 = 1.0 @ 40786 65929.58498001099 1
0.11075269877812138 = 0.9175990759832304 @ 44860 72026.71480178833 1
0.31138597971622595 = 0.9080293597057034 @ 47828 76358.37459564209 1
0.7000000000523998 = 1.0 @ 22782 38570.99509239197 1
0.5000000029746973 = 0.9999999999999933 @ 49348 78605.45182228088 1
0.9110148360919594 = 0.9136934820783236 @ 47654 76137.40372657776 1
0.5137937898160503 = 0.8676588119073515 @ 49906 79331.44283294678 1
0.7000000001430327 = 1.0 @ 21394 36373.756885528564 1
0.6999999997880053 = 1.0 @ 19294 32502.068758010864 1
0.09999999951489871 = 1.0 @ 44480 71528.6672115326 1
0.09999999946240942 = 1.0 @ 38750 62940.42730331421 1
0.3699107703191431 = 0.008900946858625204 @ 48250 77044.9607372284 1
0.7753333476063882 = 0.0029097226191253955 @ 21210 36104.75730895996 1
0.9000000002912877 = 1.0 @ 32802 54035.10761260986 1
0.29999999972525127 = 1.0 @ 33518 55158.66923332214 1
0.07388039349383085 = 0.5946144969642532 @ 45136 72528.7446975708 1
0.18198622689069544 = 0.0004736764712822694 @ 13450 22644.293785095215 1
0.9000000001198963 = 1.0 @ 30870 51087.85438537598 1
0.5000000004243184 = 1.0 @ 23172 39324.273347854614 1
0.48849412950139737 = 0.9061664276637519 @ 49078 78255.42140007019 1
0.03840950883949621 = 0.03336560592083822 @ 38272 62308.85887145996 1
0.9000000001059713 = 1.0 @ 32494 53557.111501693726 1
0.8613819419196524 = 0.30754889008821334 @ 44492 71545.66645622253 1
0.5000000002376829 = 1.0 @ 37918 61692.625522613525 1
0.28916259240077435 = 0.9163456712942171 @ 48590 77485.03589630127 1
0.8889058508905641 = 0.9124962285753081 @ 44056 70977.66637802124 1
0.8999999999144023 = 1.0 @ 32712 53910.139083862305 1
0.30000000038375785 = 1.0 @ 40658 65757.58266448975 1
0.5372559726989464 = 0.33552481886718916 @ 49984 79433.41970443726 1
0.9000000005010917 = 1.0 @ 33406 55009.64331626892 1
0.9682038134917295 = 0.012070291893531872 @ 32728 53932.140588760376 1
0.7123746597564959 = 0.892193130141149 @ 48986 77993.41821670532 1
0.899999999734755 = 1.0 @ 35180 57751.40738487244 1
0.49999999993944166 = 1.0 @ 29760 49435.88638305664 1
0.2746745844458812 = 0.613952743124381 @ 27362 45881.1674118042 1
0.09999999939840694 = 1.0 @ 32838 54085.14046669006 1
0.2999999998161945 = 1.0 @ 25624 43153.024196624756 1
0.2999999996398298 = 1.0 @ 26244 44158.56409072876 1
0.5000000006029222 = 1.0 @ 27992 46728.64580154419 1
0.9109014149492107 = 0.9153930739361043 @ 47620 76093.40023994446 1
0.6261773347182291 = 0.004077774757224093 @ 32760 53975.141286849976 1
0.5150596977784089 = 0.8441142824227613 @ 47952 76516.38460159302 1
0.2888351837563089 = 0.911423436944082 @ 48758 77701.00736618042 1
0.7118789147862545 = 0.9002675594668533 @ 48754 77695.03784179688 1
0.7319008341731541 = 0.45515997561446137 @ 30262 50267.85469055176 1
0.9000000006161697 = 1.0 @ 33506 55143.646240234375 1
0.28897301758963995 = 0.9135105965971659 @ 49428 78707.41868019104 1
0.9268244758160544 = 0.5774248833837761 @ 17072 28789.340019226074 1
0.700000333795322 = 0.9999999999175253 @ 49998 79452.41808891296 1
0.09999999959778644 = 1.0 @ 39924 64627.58445739746 1
0.4999999995304376 = 1.0 @ 28506 47582.80348777771 1
0.3000000006073912 = 1.0 @ 26532 44556.56313896179 1
0.9588104430619186 = 0.04797706611895406 @ 19776 33196.55752182007 1
0.9000000004860134 = 1.0 @ 39546 64139.00589942932 1
0.12654738425696727 = 0.5841834840624703 @ 40964 66180.55152893066 1
0.713561414106376 = 0.8718153765135598 @ 40980 66201.58815383911 1
0.22390235812934134 = 0.002431373910494874 @ 27986 46719.64645385742 1
0.9323653849921707 = 0.4442820543795907 @ 44046 70964.66779708862 1
0.7000000003510466 = 1.0 @ 21424 36412.755250930786 1
0.4999999994036636 = 1.0 @ 26628 44688.59601020813 1
0.5122367124317946 = 0.8944665441276825 @ 43828 70531.16011619568 1
0.4999999993866731 = 1.0 @ 22506 38181.31232261658 1
0.2999999995743378 = 1.0 @ 29250 48742.38038063049 1
0.7115838471219693 = 0.9049461541850995 @ 46340 74282.22155570984 1
0.09999522775119576 = 0.9999999831419571 @ 49362 78623.41809272766 1
0.3232874961166763 = 0.6631775988563606 @ 32968 54259.13906097412 1
0.2634146400792467 = 0.3497088442744752 @ 48982 77987.41817474365 1
0.6475593853060624 = 0.09841945143721632 @ 49504 78804.41808700562 1
0.7000000001565385 = 1.0 @ 29682 49325.886487960815 1
0.7133423195642337 = 0.8756854923314416 @ 37866 61621.62780761719 1
0.4897428505025371 = 0.9247635273044795 @ 38518 62632.88617134094 1
0.500000000492409 = 1.0 @ 39392 63934.0386390686 1
0.27744375888558886 = 0.6806096333931774 @ 13988 23466.293811798096 1
0.7000000000882598 = 1.0 @ 22820 38627.96473503113 1
0.4999999997327038 = 1.0 @ 26190 44082.563638687134 1
0.9318981497295376 = 0.4552230514060376 @ 45870 73522.71509170532 1
0.4999999995346789 = 1.0 @ 28650 47772.38202095032 1
0.09938295052100349 = 0.9997181963662961 @ 48536 77412.00542449951 1
0.70000000020771 = 1.0 @ 23292 39495.27049064636 1
0.3000000004514442 = 1.0 @ 27540 46110.13603210449 1
0.9637958174231578 = 0.024393228570132115 @ 47388 75794.82889175415 1
0.4779778318124558 = 0.6932353471780998 @ 42828 69075.6504535675 1
0.512492942816642 = 0.8902276460253197 @ 42402 68497.07651138306 1
0.700000000633747 = 1.0 @ 24402 41310.43982505798 1
0.4999999999515147 = 1.0 @ 25510 42998.99697303772 1
0.09999999939388596 = 1.0 @ 36068 59100.92067718506 1
0.7130614590911233 = 0.8805761277460911 @ 46352 74297.24645614624 1
0.6999999993496859 = 1.0 @ 20112 33861.58609390259 1
0.3000000002386837 = 1.0 @ 33616 55316.64562225342 1
0.49999999939562345 = 1.0 @ 26782 44903.56349945068 1
0.4883928849417019 = 0.9045807169013625 @ 34596 56828.83143424988 1
0.9000000004334283 = 1.0 @ 28500 47574.80311393738 1
0.49999999994834277 = 1.0 @ 32018 52934.56530570984 1
0.46390414725694873 = 0.3602242323894833 @ 46702 74754.2531490326 1
0.28799698260868345 = 0.898271210486379 @ 49012 78168.46489906311 1
0.2745777388206754 = 0.6115974360652907 @ 37830 61568.6571598053 1
0.3675266576539452 = 0.013548298075682027 @ 33564 55228.67560386658 1
0.29999999971308755 = 1.0 @ 27020 45385.16879081726 1
0.03828507353679332 = 0.032801348206669564 @ 41184 66649.5852470398 1
0.28919287319477605 = 0.9167946793915103 @ 46934 75052.82378196716 1
0.9111791741510051 = 0.9112047758343075 @ 45654 73210.71481704712 1
0.09999999965676656 = 1.0 @ 29072 48508.38327407837 1
0.3482266331294181 = 0.14706549176230366 @ 28270 47266.228914260864 1
0.593595698821872 = 1.0260137377288407e-06 @ 1832 1816.544532775879 1
0.9000000006001521 = 1.0 @ 30660 50803.88951301575 1
0.2999999993790199 = 1.0 @ 31366 51911.362648010254 1
0.4891819784300271 = 0.9166332524000537 @ 48636 77544.00587081909 1
0.9000000005249775 = 1.0 @ 39762 64416.58306121826 1
0.69999999965904 = 1.0 @ 21272 36206.75587654114 1
0.9000000004155575 = 1.0 @ 35206 57783.435583114624 1
0.688256005071537 = 0.9024187755599761 @ 34174 56255.70750236511 1
0.2742118309969048 = 0.6026906443086985 @ 46544 74549.22008514404 1
0.4999999994198284 = 1.0 @ 23056 39143.2740688324 1
0.44126468181622963 = 0.04842825956119559 @ 47606 76076.40266418457 1
0.6999999996847932 = 1.0 @ 23156 39300.270557403564 1
0.30000000002526783 = 1.0 @ 31642 52277.36258506775 1
0.4203693294342352 = 0.0009682023052879254 @ 24910 42004.42171096802 1
0.2999999997037469 = 1.0 @ 31066 51507.8547000885 1
0.49902651117666985 = 0.9992987263028051 @ 48816 77776.04174613953 1
0.6999999996911521 = 1.0 @ 21218 36117.75708198547 1
0.4999999997274297 = 1.0 @ 18394 30998.876571655273 1
0.5000000005771825 = 1.0 @ 25436 42899.02997016907 1
0.3000000001474946 = 1.0 @ 20162 33929.555892944336 1
0.9000000005621493 = 1.0 @ 35428 58080.411195755005 1
0.7112053913949168 = 0.9108049006955365 @ 28098 47034.64579582214 1
0.6999999995316624 = 1.0 @ 23218 39394.27328109741 1
0.2999999993764106 = 1.0 @ 30820 51018.85485649109 1
0.7121930287424709 = 0.8951822138980808 @ 30064 50013.88883590698 1
0.9332911393841145 = 0.422843969982092 @ 43948 70691.19167327881 1
0.49999999956321506 = 1.0 @ 26246 44162.56403923035 1
0.09999999938182783 = 1.0 @ 39362 63895.034313201904 1
0.4894403286488473 = 0.920424057196361 @ 46866 74965.24930000305 1
0.2999999996175669 = 1.0 @ 26398 44374.59397315979 1
0.10000006562926739 = 0.9999999999968119 @ 49822 79220.42036056519 1
0.08701911436144202 = 0.8819643474391773 @ 40706 65823.58479499817 1
0.15849066444333076 = 0.04991933401746718 @ 5788 9302.854299545288 1
0.7000000005639231 = 1.0 @ 31390 51944.36264038086 1
0.5000000003565923 = 1.0 @ 31460 52036.362648010254 1
0.7320559378222448 = 0.45151969768104405 @ 49964 79406.41927719116 1
0.7476631582085076 = 0.15457235206370812 @ 45788 73410.74013710022 1
0.0999999996598116 = 1.0 @ 42836 69085.65044403076 1
0.49999999953049834 = 1.0 @ 37474 61097.52631187439 1
0.8240232566268002 = 0.0025024863031566282 @ 44634 71733.66594314575 1
0.700000000643343 = 1.0 @ 19630 32995.585441589355 1
0.6999999998801987 = 1.0 @ 38758 62951.459884643555 1
0.12482738264620882 = 0.6260477617936346 @ 15398 25990.317821502686 1
0.9214975499638748 = 0.7055377183448287 @ 37752 61464.65587615967 1
0.6688597142790378 = 0.4731232246252541 @ 42992 69295.69172859192 1
0.10000055998378446 = 0.9999999997678803 @ 49112 78297.4500656128 1
0.6836784863831948 = 0.8192324177428423 @ 44264 71253.69763374329 1
0.07201839218707376 = 0.5492215572771404 @ 36190 59266.92199707031 1
0.9000000005536187 = 1.0 @ 37634 61306.49399757385 1
0.31137215572317256 = 0.9082431273838468 @ 39412 63965.00849723816 1
0.5000000000329954 = 1.0 @ 23308 39519.29235458374 1
0.11080525226047483 = 0.9168224405383202 @ 49214 78432.45315551758 1
0.11062424906723049 = 0.9194837938123863 @ 43900 70629.19664382935 1
0.15869513667659282 = 0.048670867181919236 @ 28398 47442.256927490234 1
0.5835124662620147 = 0.00028213591648161877 @ 41558 67150.08997917175 1
0.9000000005385831 = 1.0 @ 32700 53894.142150878906 1
0.3000000002230323 = 1.0 @ 23166 39314.27216529846 1
0.021912093712942723 = 0.0014762742289160188 @ 37090 60593.92213821411 1
0.4999999993819185 = 1.0 @ 25310 42723.99401664734 1
0.699999999928683 = 1.0 @ 20370 34271.557569503784 1
0.7132578873995903 = 0.8771640974316348 @ 48604 77502.0399093628 1
0.7000000002926889 = 1.0 @ 18344 30926.875352859497 1
0.099999999332261 = 1.0 @ 37312 60885.49447059631 1
0.6231569349801843 = 0.002028090865462011 @ 15110 25573.80223274231 1
0.2760118751457559 = 0.6463440366144779 @ 48298 77107.99479484558 1
0.0999999997831997 = 1.0 @ 39408 63959.007024765015 1
0.9652151658503452 = 0.01968267628437558 @ 48900 77882.44962692261 1
0.7000000005190973 = 1.0 @ 43178 69687.16073036194 1
0.09999999957669986 = 1.0 @ 35166 57733.44159126282 1
0.48955864015530554 = 0.9221340072942908 @ 45240 72663.74492645264 1
0.9000000001426527 = 1.0 @ 32572 53690.109729766846 1
0.09999999945669788 = 1.0 @ 39422 63978.0056476593 1
0.9117639423914093 = 0.9021019869598096 @ 47484 75918.40410232544 1
0.08466159228001272 = 0.8387348368469275 @ 35614 58323.44031333923 1
0.4527709909950435 = 0.16052058337118252 @ 48664 77579.00595664978 1
0.5000000002016873 = 1.0 @ 40802 65953.55486869812 1
0.28891153923396745 = 0.9125823351861324 @ 41506 67083.08982849121 1
0.29999999964449686 = 1.0 @ 24636 41626.40285491943 1
0.4999999997731538 = 1.0 @ 24664 41666.43404960632 1
0.4878852371872682 = 0.8964593055241451 @ 38584 62720.882177352905 1
0.0999999995099976 = 1.0 @ 35820 58601.40895843506 1
0.3114440040515061 = 0.9071297564526458 @ 44690 71806.66613578796 1
0.7000000006235976 = 1.0 @ 39976 64699.551582336426 1
0.3000000001210801 = 1.0 @ 26178 44066.564083099365 1
0.300000000523847 = 1.0 @ 26848 44991.56427383423 1
0.2999999997610209 = 1.0 @ 26532 44556.56313896179 1
0.6999999996087933 = 1.0 @ 18184 30677.878379821777 1
0.11060989326297715 = 0.919693238569236 @ 48858 77832.45134353638 1
0.29999999988874737 = 1.0 @ 31756 52431.41269683838 1
0.5000000004232709 = 1.0 @ 37962 61749.65572357178 1
0.5000000000477121 = 1.0 @ 22540 38230.34405708313 1
0.07380661471267394 = 0.592815922126371 @ 48098 76850.41570663452 1
0.0892863655805878 = 0.9181742921031475 @ 44210 71179.66651916504 1
0.7000000002052036 = 1.0 @ 19718 33114.58730697632 1
0.6999999993352095 = 1.0 @ 23588 39927.289724349976 1
0.09999999942179755 = 1.0 @ 40140 65067.5847530365 1
0.500000000477809 = 1.0 @ 25310 42723.99401664734 1
0.6999999998017821 = 1.0 @ 19216 32397.070169448853 1
0.4999999998504668 = 1.0 @ 31526 52126.365423202515 1
0.09999999940953112 = 1.0 @ 40528 65585.58249473572 1
0.4552915293798985 = 0.19788707502462405 @ 49258 78488.4181022644 1
0.7000000000444804 = 1.0 @ 21660 36785.757303237915 1
0.2587962247449417 = 0.2577681417241392 @ 26306 44246.564626693726 1
0.4999999994054659 = 1.0 @ 25932 43570.02639770508 1
0.1000000000502266 = 1.0 @ 17068 28783.33854675293 1
0.900000000126073 = 1.0 @ 20366 34262.555837631226 1
0.48808165826823324 = 0.8996351494552336 @ 35990 58826.91931724548 1
0.4999999997846145 = 1.0 @ 26340 44294.56329345703 1
0.8891046667305839 = 0.9154837885387825 @ 47906 76456.38298988342 1
0.22256927954640304 = 0.0017498936870562615 @ 39922 64625.585317611694 1
0.09999999946968102 = 1.0 @ 35534 58221.43840789795 1
0.30000000033691143 = 1.0 @ 24658 41658.43629837036 1
0.36906075957770396 = 0.010384409641856903 @ 45714 73302.74510383606 1
0.5116057306739121 = 0.9046024763565241 @ 47746 76255.37276268005 1
0.9000000003320082 = 1.0 @ 35216 57796.4403629303 1
0.7000000004501906 = 1.0 @ 25074 42406.025409698486 1
0.9352432779288122 = 0.37884925175356104 @ 49096 78277.44722366333 1
0.48833088803321556 = 0.9036040813106738 @ 49332 78585.45923233032 1
0.9111461324393957 = 0.9117076273736887 @ 48952 77949.44930076599 1
0.09999999935857452 = 1.0 @ 36800 60063.950061798096 1
0.1257371098734533 = 0.6039341681255624 @ 28462 47526.8018245697 1
0.09999999956807498 = 1.0 @ 35490 58163.408041000366 1
0.712478609017908 = 0.8904666175617684 @ 49608 78937.44969367981 1
0.6999999998256632 = 1.0 @ 25452 42920.99452018738 1
0.7000000005400506 = 1.0 @ 21000 35478.09720039368 1
0.500000000614993 = 1.0 @ 38956 63213.42706680298 1
0.1106345103356688 = 0.9193339389569561 @ 47718 76219.40779685974 1
0.4999999994274311 = 1.0 @ 25646 43182.024002075195 1
0.8241609748972638 = 0.002585527631301385 @ 22622 38346.994161605835 1
0.7000000005972797 = 1.0 @ 18184 30678.87806892395 1
0.9000000006605758 = 1.0 @ 32358 53376.107692718506 1
0.46729465689923955 = 0.4363709769630726 @ 27318 45822.17526435852 1
0.7000000002720309 = 1.0 @ 30344 50375.85520744324 1
0.0999999993781587 = 1.0 @ 35676 58405.40885925293 1
0.1288240386478947 = 0.5287545140280627 @ 41656 67278.08260917664 1
0.9000000001050115 = 1.0 @ 32078 53013.59677314758 1
0.30000000057377707 = 1.0 @ 23508 39790.28844833374 1
0.8999999993905329 = 1.0 @ 31888 52610.44502258301 1
0.5000000002852923 = 1.0 @ 40226 65184.555530548096 1
0.7118240760738657 = 0.9011443431536995 @ 48534 77410.03847122192 1
0.5000000002477109 = 1.0 @ 22024 37502.8076171875 1
0.09999999949848754 = 1.0 @ 39428 63986.03844642639 1
0.6720091401763015 = 0.5489963715098871 @ 39078 63528.42712402344 1
0.7731469749005948 = 0.0047091782715699484 @ 20818 35202.555656433105 1
0.3000000005883513 = 1.0 @ 24140 40931.857109069824 1
0.2999999996629109 = 1.0 @ 26382 44352.56600379944 1
0.10000000459064795 = 0.9999999999999847 @ 49808 79201.42149925232 1
0.27533223624823455 = 0.6299170941274688 @ 43922 70657.19175338745 1
0.31138486923137 = 0.9080465396581064 @ 43482 70084.18941497803 1
0.5000000004943527 = 1.0 @ 36804 60068.944692611694 1
0.7000000001155202 = 1.0 @ 24736 41763.45348358154 1
0.6999999997031907 = 1.0 @ 24352 41241.43624305725 1
0.43627791379287856 = 0.024659552680028517 @ 35316 57931.40769004822 1
0.49999999970039133 = 1.0 @ 24706 41723.453998565674 1
0.45624227260746764 = 0.21323210535456166 @ 44050 70969.6671962738 1
0.4738404514025133 = 0.593640821226081 @ 43338 69895.19166946411 1
0.38534669501119523 = 0.00014102079466216713 @ 28320 47335.25991439819 1
0.11063705423435868 = 0.9192967690176024 @ 48436 77285.03584861755 1
0.5115593316673623 = 0.9053305326275759 @ 48796 77749.03655052185 1
0.4999999994828186 = 1.0 @ 27308 45810.16707420349 1
0.9000000003878964 = 1.0 @ 36028 59048.92110824585 1
0.8615836828843397 = 0.31161947242296306 @ 36618 59823.95100593567 1
0.2999999996872023 = 1.0 @ 21522 36553.75528335571 1
0.9000000004093024 = 1.0 @ 35884 58682.91926383972 1
0.9000000006231089 = 1.0 @ 34562 56783.83421897888 1
0.7000000122947181 = 0.9999999999998881 @ 49120 78309.42130088806 1
0.8999999997388775 = 1.0 @ 24468 41401.40652656555 1
0.038088260650552465 = 0.03192363604150141 @ 9452 15828.399658203125 1
0.9000000006690012 = 1.0 @ 35154 57717.40746498108 1
0.6886716988043464 = 0.90891984891917 @ 45046 72416.74494743347 1
0.10000000043317157 = 1.0 @ 39372 63908.0376625061 1
0.8999999996683744 = 1.0 @ 26268 44193.56369972229 1
0.30000000063926185 = 1.0 @ 25136 42492.99216270447 1
0.2999999993719974 = 1.0 @ 41530 67115.0586605072 1
0.9000000004448138 = 1.0 @ 41086 66520.55215835571 1
0.10000000028925671 = 1.0 @ 29930 49665.85469245911 1
0.8999999994910388 = 1.0 @ 46066 73931.22029304504 1
0.9858604325138403 = 0.00011425543899592327 @ 30370 50411.85688972473 1
0.08759456280289465 = 0.8916831378488521 @ 31386 51939.36276435852 1
0.5468799913725959 = 0.16540635353965824 @ 45510 73014.7135257721 1
0.8999999997928898 = 1.0 @ 33292 54858.67667198181 1
0.004966342071858194 = 2.2402449263646533e-07 @ 18942 31821.027517318726 1
0.8999999996160972 = 1.0 @ 45526 73034.75022315979 1
0.2999999993754628 = 1.0 @ 27450 45996.166944503784 1
0.2999999995303455 = 1.0 @ 25790 43374.02558326721 1
0.7132855169459585 = 0.8766810289026257 @ 47068 75370.79930305481 1
0.5000030721213518 = 0.9999999930138523 @ 49338 78592.41914749146 1
0.32500828495255435 = 0.6216580819659205 @ 35318 57934.40866470337 1
0.7123063389130426 = 0.8933216214217437 @ 48094 76844.41637992859 1
0.0888666685131338 = 0.9119021071373489 @ 43602 70244.15874481201 1
0.8999999999960135 = 1.0 @ 37602 61262.4933719635 1
0.5139363547938335 = 0.8650826488509387 @ 46192 74095.25489807129 1
0.6999999993444606 = 1.0 @ 19626 32988.58618736267 1
0.29999999933982835 = 1.0 @ 28810 47985.34870147705 1
0.7117989214467657 = 0.9015454208959672 @ 48612 77513.03577423096 1
0.6883323793769189 = 0.9036276244481274 @ 48294 77101.98760032654 1
0.9000000006189078 = 1.0 @ 26458 44456.589460372925 1
0.09999999968429561 = 1.0 @ 31572 52186.36393547058 1
0.4999999995911563 = 1.0 @ 28014 46926.676988601685 1
0.46173666215473425 = 0.31472340176849234 @ 49798 79187.42084503174 1
0.9111763353393016 = 0.9112480275851224 @ 48220 77003.96060943604 1
0.2999999995374354 = 1.0 @ 23128 39254.27150726318 1
0.7000000005991647 = 1.0 @ 22820 38627.96473503113 1
0.18390228331071226 = 0.0002451754623949048 @ 39382 63921.03886604309 1
0.4999999996069637 = 1.0 @ 22540 38230.34405708313 1
0.30000000263686133 = 0.9999999999999947 @ 49490 78786.45014762878 1
0.9115353947662705 = 0.9057051936810918 @ 32478 53533.11038017273 1
0.022049815613497212 = 0.00153052189404931 @ 1406 1129.5430660247803 1
0.899999999883548 = 1.0 @ 41204 66675.57859420776 1
0.11069079170325917 = 0.9185098250745314 @ 44970 72167.6824092865 1
0.931715057849589 = 0.4595307899710958 @ 45976 73669.71349716187 1
0.46127216211043687 = 0.3053447734516371 @ 25472 42947.99256324768 1
0.28907447108614714 = 0.9150329694998576 @ 36042 59066.95103645325 1
0.862337863801991 = 0.32706323065993526 @ 29090 48531.3515663147 1
0.9000000003674489 = 1.0 @ 39550 64144.03963088989 1
0.32621594091522943 = 0.5922660152178378 @ 47452 75879.40430641174 1
0.9000000002486113 = 1.0 @ 23582 39919.28958892822 1
0.09999999987691077 = 1.0 @ 35810 58587.43929862976 1
0.9000000005329227 = 1.0 @ 33460 55081.67815208435 1
0.27552301844517757 = 0.634536619356509 @ 43456 70050.18997192383 1
0.9451455607985533 = 0.19106128379804305 @ 45122 72511.71350479126 1
0.6888714180752233 = 0.9119742178612555 @ 31686 52336.41290664673 1
0.3000000005541986 = 1.0 @ 34912 57243.83068084717 1
0.5000000000360653 = 1.0 @ 24110 40888.85712623596 1
0.24135074246618426 = 0.04894897059200808 @ 49176 78383.45122337341 1
0.03851371407826773 = 0.03384373561553935 @ 7980 13108.2181930542 1
0.45581315242216025 = 0.20622191026907585 @ 4034 6315.529823303223 1
0.7000000000472614 = 1.0 @ 21914 37162.805795669556 1
0.11067601882179309 = 0.9187264980651193 @ 47954 76519.41394805908 1
0.48848200007993686 = 0.9059770572391744 @ 49322 78569.44918632507 1
0.9016573979941728 = 0.997968474964822 @ 47180 75516.82686805725 1
0.5834120522578988 = 0.0002923631518741764 @ 2130 2636.53564453125 1
0.9842536984522159 = 0.00021536091461629044 @ 5696 9153.277397155762 1
0.565149953912782 = 0.019882366421237904 @ 10464 17600.938320159912 1
0.9110335315218534 = 0.913411917380207 @ 48786 77737.03837394714 1
0.29999999957183415 = 1.0 @ 24998 42129.42385673523 1
0.6890939477977371 = 0.915323875820949 @ 47346 75738.82865905762 1
0.0999999995561767 = 1.0 @ 40000 64731.584787368774 1
0.28908581988951465 = 0.9152025296040847 @ 42760 68981.65202140808 1
0.944822743512472 = 0.19608857671303512 @ 43228 69751.18970870972 1
0.09999999954508804 = 1.0 @ 33728 55482.6443195343 1
0.9000000004218411 = 1.0 @ 29708 49362.85471916199 1
0.29999999992601284 = 1.0 @ 24606 41586.403131484985 1
0.6887320233918768 = 0.9098471753714978 @ 46620 74648.22006225586 1
0.6457896615295966 = 0.08177862623188091 @ 22138 37667.31953620911 1
0.5000000003000243 = 1.0 @ 25068 42397.99237251282 1
0.09999999953392893 = 1.0 @ 40896 66088.58275413513 1
0.29999999976459946 = 1.0 @ 33618 55319.64373588562 1
0.3000000002295357 = 1.0 @ 33408 55011.64364814758 1
0.30000468725434576 = 0.9999999837370978 @ 48806 77763.03815841675 1
0.7000000005772795 = 1.0 @ 21846 37061.774253845215 1
0.3520032297033958 = 0.10286775239167927 @ 3438 5055.531740188599 1
0.2888583082984432 = 0.9117751148724751 @ 43782 70473.15835952759 1
0.8889892150297471 = 0.9137544416756438 @ 49916 79345.44634819031 1
0.2999999997662661 = 1.0 @ 40192 65139.551401138306 1
0.2884571340539899 = 0.905588323159201 @ 42384 68473.1080532074 1
0.27582971769403186 = 0.641949689321712 @ 38228 62249.8881816864 1
0.30000000065385646 = 1.0 @ 29496 49074.34844970703 1
0.0999999994911358 = 1.0 @ 42858 69116.65391921997 1
0.9111676646983239 = 0.9113800755680868 @ 44152 71104.69675064087 1
0.32635678975972454 = 0.5888316835664237 @ 35646 58365.4408454895 1
0.8447829015406774 = 0.0732531268509108 @ 31708 52366.44434928894 1
0.9000000003996996 = 1.0 @ 34724 56994.86207962036 1
0.10000000019974228 = 1.0 @ 26530 44554.56304550171 1
0.625995049223526 = 0.003919631454364797 @ 15204 25706.80522918701 1
0.32393756878189384 = 0.6475624439539809 @ 30880 51099.85542297363 1
0.2999999999052586 = 1.0 @ 27044 45424.13806915283 1
0.9000000000970165 = 1.0 @ 33816 55620.17297744751 1
0.2890531495911077 = 0.9147140086114868 @ 43114 69605.19194602966 1
0.12496560478135241 = 0.6226941371581564 @ 22050 37541.77379608154 1
0.9000000003986199 = 1.0 @ 36630 59839.94960784912 1
0.488906350580526 = 0.912503794051725 @ 45486 72983.71362686157 1
0.900000000213737 = 1.0 @ 31290 51813.854694366455 1
0.09999999934793857 = 1.0 @ 38218 62234.88712310791 1
0.6999999999519848 = 1.0 @ 48146 76909.98911857605 1
0.2999999996172686 = 1.0 @ 27960 46683.13765525818 1
0.6894802505501325 = 0.9210028843085659 @ 48138 76897.9594707489 1
0.11069295182334708 = 0.9184781214196228 @ 49196 78408.41841697693 1
0.48755030349254747 = 0.8909479819165149 @ 48868 77844.45381164551 1
0.30000000007856337 = 1.0 @ 26288 44223.56343269348 1
0.10000000049542307 = 1.0 @ 32342 53355.10754585266 1
0.6682022315334679 = 0.45758342062390767 @ 40236 65197.55578041077 1
0.900000000374414 = 1.0 @ 29490 49067.34848022461 1
0.49999999939256834 = 1.0 @ 27288 45782.166957855225 1
0.5652389701799916 = 0.019610170243624655 @ 42536 68677.68168449402 1
0.5000000002012608 = 1.0 @ 41622 67233.09206962585 1
0.4999999994239856 = 1.0 @ 26018 43856.563091278076 1
0.8608356461646278 = 0.29665778794282166 @ 36346 59468.9507484436 1
0.4999993857543725 = 0.9999999997207167 @ 48390 77223.99187088013 1
0.89999999943765 = 1.0 @ 30176 50159.85465049744 1
0.499999999376596 = 1.0 @ 22374 37990.31186103821 1
0.08818150254122639 = 0.9012333513559346 @ 48588 77481.00781440735 1
0.6999999998894869 = 1.0 @ 22314 37911.312103271484 1
0.9644475210972823 = 0.02213383680254385 @ 43492 70097.19133377075 1
0.6886296562916945 = 0.9082711315833447 @ 45550 73065.71459770203 1
0.9000000004109403 = 1.0 @ 35228 57813.4388923645 1
0.8999999995361294 = 1.0 @ 32798 54029.133319854736 1
0.09999999959753987 = 1.0 @ 44274 71266.66903495789 1
0.07531741007586687 = 0.6295578545467766 @ 16788 28189.367294311523 1
0.699999999923345 = 1.0 @ 34024 56067.676305770874 1
0.9000000002762056 = 1.0 @ 34444 56623.677253723145 1
0.3485005136825654 = 0.14350348911921115 @ 41148 66603.55186462402 1
0.2222676700982283 = 0.0016196284875200217 @ 3854 5723.52933883667 1
0.11056210789909121 = 0.9203886692207203 @ 6952 11330.54780960083 1
0.6885614084898299 = 0.9072138317462995 @ 44618 71711.70210838318 1
0.6648524864706281 = 0.38096497248959116 @ 37878 61637.65597343445 1
0.3115996702711439 = 0.9046977073800135 @ 47894 76440.38414955139 1
0.8999999998493404 = 1.0 @ 31328 51861.358880996704 1
0.5000133499880777 = 0.9999998680763252 @ 49526 78834.44905281067 1
0.2728419393356102 = 0.5692888646003798 @ 49504 78804.41808700562 1
0.7123915001985568 = 0.8919142033400832 @ 48856 77829.45132255554 1
0.5000000003547849 = 1.0 @ 49086 78264.4190788269 1
0.7000000000278201 = 1.0 @ 21272 36207.75604248047 1
0.6999999993599993 = 1.0 @ 20868 35285.06684303284 1
0.9000000006635072 = 1.0 @ 30942 51187.8547668457 1
0.8999999994111729 = 1.0 @ 28500 47574.80311393738 1
0.9023640479383808 = 0.9958707118066289 @ 49984 79433.41970443726 1
0.24763586871112858 = 0.09918755038808393 @ 37758 61473.65951538086 1
0.9000000004129991 = 1.0 @ 32990 54288.108825683594 1
0.2883160241481379 = 0.903369297558368 @ 40386 65396.5847492218 1
0.09999999948119725 = 1.0 @ 36182 59256.94966316223 1
0.5260204821256877 = 0.5970305326569175 @ 47420 75837.41688728333 1
0.9000000005161031 = 1.0 @ 31600 52222.36251831055 1
0.08795940004803193 = 0.8976633367660823 @ 47612 76084.40279960632 1
0.9110151091119782 = 0.9136893731098782 @ 43290 69832.19122886658 1
0.5153858888067884 = 0.8378116380646067 @ 41092 66529.55222129822 1
0.49999999934261913 = 1.0 @ 25960 43609.99584197998 1
0.2999999998968457 = 1.0 @ 41548 67137.0587348938 1
0.09999999989083219 = 1.0 @ 40684 65793.58291625977 1
0.8255023380835845 = 0.0035166604742613316 @ 8438 14033.423900604248 1
0.311154525532065 = 0.9115800131934584 @ 44720 71843.66583824158 1
0.8763976895121726 = 0.655628055039061 @ 33334 54914.67499732971 1
0.6999999993980108 = 1.0 @ 33678 55410.64357757568 1
0.2999999995201945 = 1.0 @ 27270 45756.1674118042 1
0.4562393076407372 = 0.21318319564769897 @ 37556 61205.495834350586 1
0.6673553558469327 = 0.4377803078619083 @ 49568 78886.41834259033 1
0.6999999995050745 = 1.0 @ 24918 42014.4202709198 1
0.4999999996036579 = 1.0 @ 27836 46510.17212867737 1
0.5119429340469726 = 0.8992398270416655 @ 26206 44105.56435585022 1
0.49999999957888625 = 1.0 @ 23580 39916.28861427307 1
0.9000000004663985 = 1.0 @ 33190 54719.67816352844 1
0.7551284049505333 = 0.07397759043354461 @ 33052 54530.13896942139 1
0.49999999970971365 = 1.0 @ 21532 36566.755294799805 1
0.9653213594092712 = 0.019360809731825097 @ 47274 75636.82699203491 1
0.4349208771588018 = 0.020101030104666327 @ 18316 30883.875608444214 1
0.5131619032424377 = 0.8788362694432328 @ 45552 73068.71914863586 1
0.3414215353230099 = 0.2537863763359766 @ 19792 33218.55664253235 1
0.9000000005889568 = 1.0 @ 37202 60741.52684211731 1
0.1262992948903239 = 0.5902336706498594 @ 37062 60557.91878700256 1
0.6898793896532741 = 0.9266865620616537 @ 8028 13439.217329025269 1
0.0607582872140411 = 0.2951312850598578 @ 43296 69840.19207954407 1
0.7504657535676054 = 0.11959305522831355 @ 33620 55323.64511489868 1
0.49999999978922277 = 1.0 @ 25700 43253.02600860596 1
0.9000000000394337 = 1.0 @ 36700 59931.950092315674 1
0.3114484211986617 = 0.9070611186964012 @ 42616 68787.65273094177 1
0.48850147684946843 = 0.9062810580774942 @ 21406 36388.75675201416 1
0.9000000004063419 = 1.0 @ 33390 54988.6748790741 1
0.09999999943625679 = 1.0 @ 32578 53699.10955429077 1
0.7000038136052111 = 0.9999999892345428 @ 49772 79151.41987800598 1
0.7509523008729557 = 0.11411484172234096 @ 42626 68801.65386199951 1
0.7462034644868358 = 0.17514089889172108 @ 5512 8870.309114456177 1
0.8750734178581279 = 0.6236411936979627 @ 27364 45884.16767120361 1
0.08837907096867309 = 0.9043634751924616 @ 49588 78911.45062446594 1
0.8890188751164072 = 0.9142001810099539 @ 49980 79427.42037773132 1
0.6999999994494355 = 1.0 @ 49396 78666.41879081726 1
0.7000000002373055 = 1.0 @ 25660 43200.99425315857 1
0.0999999993848068 = 1.0 @ 31380 51931.36286735535 1
0.4999999996186479 = 1.0 @ 21744 36904.77681159973 1
0.29999999948972145 = 1.0 @ 31162 51640.88582992554 1
0.9112500966574568 = 0.9101212404720086 @ 26900 45059.13782119751 1
0.29999999937207017 = 1.0 @ 15778 26514.31965827942 1
0.3000000001955424 = 1.0 @ 24590 41566.434383392334 1
0.9000000003980144 = 1.0 @ 36162 59229.949712753296 1
0.900000000383739 = 1.0 @ 36572 59764.95003700256 1
0.0999999996232338 = 1.0 @ 38380 62452.85487174988 1
0.500000000400717 = 1.0 @ 32890 54154.10780906677 1
0.3261845938224242 = 0.593030252556025 @ 38404 62485.854625701904 1
0.6619548849584072 = 0.31917657300383595 @ 29664 49301.85532569885 1
0.2769993397643974 = 0.6700336845914832 @ 44978 72180.68265914917 1
0.7000000006449725 = 1.0 @ 45110 72496.7451095581 1
0.6999999993525958 = 1.0 @ 21722 36872.76029586792 1
0.3000000003191031 = 1.0 @ 43210 69727.1921634674 1
