0.9179304175682843 = 0.2356084158161339 @ 48450 77617.38753318787 1
0.9426872104341308 = 0.23505628851306073 @ 43898 70900.13837814331 1
0.4599700292961888 = 0.7200274871435621 @ 43990 71016.13903045654 1
0.576803985760792 = 2.5354849676813132e-05 @ 22452 38396.92258834839 1
0.23578860676476593 = 0.8634569818994348 @ 46946 75349.78866577148 1
0.14866022864843245 = 2.0401520712711847e-05 @ 43066 69835.04629135132 1
0.9173355696142609 = 0.23405733271849768 @ 45544 73382.10964202881 1
0.44949553295560557 = 0.7708152386054673 @ 40354 65764.26362991333 1
0.07969977956684504 = 0.9999998284544727 @ 35484 58443.43400001526 1
0.679432906070585 = 0.504093233947571 @ 49630 79268.95189285278 1
0.23586718761302028 = 0.8646843899174284 @ 49394 78977.95367240906 1
0.6484380938980594 = 0.30491231163129323 @ 43694 70639.169216156 1
0.523347502959655 = 0.013352423429257443 @ 7006 12511.078834533691 1
0.2462786794710899 = 0.9486893125664468 @ 45390 73183.11357498169 1
0.24627867924578767 = 0.9486893125664468 @ 30992 51540.88830947876 1
0.44949592625133106 = 0.7708152385311898 @ 49130 78647.56083488464 1
0.6793098434921013 = 0.5041061921229829 @ 49058 78557.53254890442 1
0.0015602974886066657 = 0.053351970193964114 @ 15776 27603.795289993286 1
0.43834390844287063 = 0.7126215504919553 @ 43798 70773.13947677612 1
0.24627878145232385 = 0.9486893125581448 @ 49970 79706.95185661316 1
0.24627867386634714 = 0.9486893125664215 @ 49736 79402.95243263245 1
0.24627867928142455 = 0.9486893125664468 @ 21838 37353.191614151 1
0.24627867946933013 = 0.9486893125664468 @ 36992 60616.43195152283 1
0.11819576101179652 = 0.10698487068173726 @ 6626 11624.505281448364 1
0.9412423577852141 = 0.2385563941538505 @ 37968 62071.9473361969 1
0.07969977934970444 = 0.9999998284544726 @ 40480 65933.2640171051 1
0.4725893323857687 = 0.5523477161178926 @ 49582 79207.95249938965 1
0.438592013738785 = 0.7151071645023797 @ 38644 63152.5604724884 1
0.449495533633396 = 0.7708152386054672 @ 46608 74920.81689834595 1
0.47321700274104095 = 0.5421846812045003 @ 43454 70333.16850662231 1
0.6791657444828986 = 0.5041115095456816 @ 47816 76634.81640815735 1
0.9301449054962141 = 0.2516100745687888 @ 41272 67137.930393219 1
0.0796997795850406 = 0.9999998284544728 @ 37558 61544.97933387756 1
0.2462786796087243 = 0.9486893125664468 @ 26196 44316.3685798645 1
0.2624569290225045 = 0.7620371004963977 @ 47970 76828.82022857666 1
0.07969979300390999 = 0.9999998284542075 @ 49884 79595.95370292664 1
0.6791657384967398 = 0.5041115095456922 @ 44186 71453.17077636719 1
0.24627867940295659 = 0.9486893125664468 @ 46298 74523.78916740417 1
0.07969977945361253 = 0.9999998284544727 @ 34830 57388.40317726135 1
0.9301520659801318 = 0.25161008123198275 @ 35806 58858.43276977539 1
0.44949553267502473 = 0.7708152386054674 @ 45144 72870.88775634766 1
0.2462786793180793 = 0.9486893125664468 @ 47462 76182.7883720398 1
0.07969977933745898 = 0.9999998284544727 @ 29082 48790.051221847534 1
0.2462786794315993 = 0.9486893125664468 @ 35442 58390.43593406677 1
0.42588084402051013 = 0.5373447419945879 @ 46166 74356.67395591736 1
0.1064121509645855 = 0.3550695648164731 @ 20682 35539.23225402832 1
0.10546611946941309 = 0.38222168642894117 @ 41668 67649.93262290955 1
0.8554851960064749 = 0.012360561144702143 @ 34114 56439.926862716675 1
0.27040645134934116 = 0.5808097040947015 @ 49754 79425.92191696167 1
0.5283644255615072 = 0.006283035760320156 @ 23392 39884.615898132324 1
0.2670804317086032 = 0.6596493468318106 @ 44076 71309.17024612427 1
0.33447544950125796 = 1.4424240852234052e-05 @ 31832 52840.23380279541 1
0.6676017228935975 = 0.4706505775700895 @ 37756 61803.977489471436 1
0.07969977968592123 = 0.9999998284544727 @ 37768 61818.97711753845 1
0.07969977968766054 = 0.9999998284544727 @ 45632 73491.11342430115 1
0.7398174426499251 = 0.06730806715048575 @ 42946 69495.05233764648 1
0.6791657337581503 = 0.504111509545687 @ 44472 71820.68467140198 1
0.2568746836381511 = 0.8636815098292369 @ 42342 68709.51294898987 1
0.07969977940405483 = 0.9999998284544727 @ 38478 62939.55159187317 1
0.0898160201973686 = 0.8625872531152521 @ 37692 61719.97904777527 1
0.2356491374517847 = 0.8612592637281509 @ 40384 65806.26392364502 1
0.07969977938884953 = 0.9999998284544727 @ 33206 55046.35548591614 1
0.5494416926671467 = 2.607035905021479e-05 @ 30276 50572.74317741394 1
0.07969977951378593 = 0.9999998284544727 @ 42482 68891.54076576233 1
0.6791732710952314 = 0.5041114950142164 @ 49516 79126.92451477051 1
0.6667547922265002 = 0.4657269099576211 @ 37544 61526.979207992554 1
0.07969977938591216 = 0.9999998284544727 @ 39772 64815.263986587524 1
0.2878834195422879 = 0.20784436339580983 @ 35418 58357.43427276611 1
0.24627867926952074 = 0.9486893125664468 @ 25580 43284.37042236328 1
0.07969977939295175 = 0.9999998284544727 @ 29742 49666.19348526001 1
0.9301412489178809 = 0.25161006683766285 @ 42214 68548.96354675293 1
0.24627867952565446 = 0.9486893125664467 @ 38154 62515.520095825195 1
0.012508486211399706 = 5.722498627310431e-05 @ 1570 1402.0190238952637 1
0.43783218820681236 = 0.7073418068132099 @ 42784 69284.05284881592 1
0.2162291963683052 = 0.4167211084181467 @ 43154 69944.0507888794 1
0.07953206883781326 = 0.9999582703270602 @ 49892 79605.95417022705 1
0.6791657381035363 = 0.504111509545692 @ 41192 67038.9609336853 1
0.6020281909509796 = 0.00950085354294448 @ 14568 25667.97709465027 1
0.0796997794323978 = 0.9999998284544724 @ 48430 77592.3900604248 1
0.45987790955692753 = 0.7208874922122154 @ 44440 71779.71482276917 1
0.6899627475710879 = 0.47522088226340053 @ 45470 73284.10959243774 1
0.6675171915036271 = 0.47017293914718133 @ 43142 69929.05116081238 1
0.9171806708595759 = 0.23364273738700264 @ 45936 73876.6758441925 1
0.6806722263734234 = 0.5035311648187296 @ 48286 77409.42025184631 1
0.07970010302846464 = 0.9999998283000046 @ 49950 79680.92155456543 1
0.9301506625244729 = 0.2516100808101892 @ 30860 51364.92109298706 1
0.079699779474073 = 0.9999998284544727 @ 33550 55496.925354003906 1
0.3900799350802059 = 0.05329826627433082 @ 30876 51386.89064979553 1
0.46034058060177163 = 0.7165018183641315 @ 47520 76255.81860542297 1
0.883887737181789 = 0.09124833616485274 @ 45706 73583.10961723328 1
0.330995970194218 = 8.11805163021297e-05 @ 41770 67780.9624671936 1
0.47269762968541174 = 0.5506013067884156 @ 41842 67872.9305267334 1
0.0015715430380910788 = 0.05307914270953205 @ 18952 32728.96695137024 1
0.07969977965154812 = 0.9999998284544727 @ 24912 42177.37007141113 1
0.43833756013939146 = 0.7125573102682937 @ 41752 67757.96246528625 1
0.4494996799094966 = 0.7708152303411409 @ 49812 79503.92150878906 1
0.0796997797577193 = 0.9999998284544727 @ 35140 57996.4325428009 1
0.4991305968145653 = 0.15186991151557286 @ 45928 73865.67497253418 1
0.07969977940282416 = 0.9999998284544727 @ 32690 54164.3500328064 1
0.10505988585222267 = 0.3941445311884513 @ 31896 52926.35250091553 1
0.37845008122467183 = 0.0115092006421491 @ 37840 61911.97848320007 1
0.6529911243705391 = 0.351387055295826 @ 47594 76350.8186340332 1
0.9302010772539969 = 0.25160982557337336 @ 43466 70348.16861152649 1
0.24627867942156617 = 0.9486893125664467 @ 40706 66227.38671302795 1
0.6260962366473488 = 0.0998122115424086 @ 34858 57423.40278625488 1
0.23580168184483496 = 0.8636617541251579 @ 10446 18731.38475418091 1
0.07969977947699891 = 0.9999998284544727 @ 43676 70616.1675453186 1
0.4375611963988432 = 0.7044634394941377 @ 30076 50310.77241897583 1
0.25707819554476397 = 0.8605438742413515 @ 24242 41262.21942901611 1
0.0796997794250027 = 0.9999998284544727 @ 31000 51553.92098426819 1
0.44949553334740394 = 0.7708152386054674 @ 32062 53345.35312652588 1
0.6791657796823358 = 0.5041115095452503 @ 49098 78607.56039619446 1
0.07969846915274967 = 0.9999998259183955 @ 48462 77633.38708877563 1
0.0796997796853475 = 0.9999998284544727 @ 43604 70525.17104148865 1
0.13498128211204363 = 0.0051467333159447865 @ 21618 37051.22470855713 1
0.4494955330179228 = 0.7708152386054675 @ 47948 76801.78880691528 1
0.26889859139909467 = 0.6168409962093527 @ 36544 60030.402183532715 1
0.39115106815376055 = 0.05974322019569721 @ 7672 13526.637077331543 1
0.6791657369513341 = 0.5041115095456917 @ 46768 75118.81804466248 1
0.6791657388922053 = 0.5041115095456922 @ 40124 65467.26369857788 1
0.2114904742150603 = 0.3070998982904269 @ 49258 78810.95290184021 1
0.45991155917335136 = 0.7205741137856998 @ 34566 57037.40310668945 1
0.25680102715515274 = 0.8648051020641353 @ 45368 73155.0817489624 1
0.42785197718371076 = 0.5700870351875799 @ 40932 66521.38638496399 1
0.4615698645840358 = 0.7040630587491614 @ 44168 71429.1684627533 1
0.7290647264653003 = 0.13469385205233655 @ 9130 16419.8956489563 1
0.7054243698450705 = 0.35474148109494585 @ 34404 56820.43194770813 1
0.44949553304312817 = 0.7708152386054675 @ 48076 77141.36099815369 1
0.44949553279262633 = 0.7708152386054674 @ 45596 73446.10953330994 1
0.24627867930577924 = 0.9486893125664467 @ 38000 62113.55137825012 1
0.0796997796036989 = 0.9999998284544728 @ 27090 45725.905656814575 1
0.07969983608068515 = 0.9999998284497633 @ 49890 79602.92363166809 1
0.24627867917640253 = 0.9486893125664467 @ 26832 45175.93741416931 1
0.9195141462527017 = 0.2394130305579272 @ 40130 65475.263595581055 1
0.07969977947230691 = 0.9999998284544727 @ 27890 46796.448945999146 1
0.44949553256617547 = 0.7708152386054671 @ 48584 77788.42210769653 1
0.2462786790500031 = 0.9486893125664467 @ 33198 55036.35334968567 1
0.6675350680658189 = 0.47027420653454877 @ 49234 78779.92177009583 1
0.4380100826811428 = 0.709200463557767 @ 46334 74569.81897354126 1
0.246277936861715 = 0.9486893121263279 @ 49490 79095.95441818237 1
0.07969977962940498 = 0.9999998284544728 @ 27890 46797.449350357056 1
0.07969977954588477 = 0.9999998284544727 @ 27968 46903.47385406494 1
0.09030876996039708 = 0.8500398085724643 @ 43380 70237.05053329468 1
0.07969977943902432 = 0.9999998284544727 @ 48804 78061.41781806946 1
0.24627867943889895 = 0.9486893125664468 @ 35748 58783.430337905884 1
0.4494955319201186 = 0.7708152386054665 @ 46734 75077.81910896301 1
0.23574449049782797 = 0.8627644675577566 @ 44652 72053.68328094482 1
0.07969977942387835 = 0.9999998284544727 @ 31826 52832.234144210815 1
0.43854359186052816 = 0.714625899640906 @ 44786 72224.71451759338 1
0.2462786792636657 = 0.9486893125664468 @ 33386 55281.352519989014 1
0.8546641212111552 = 0.011377560598745643 @ 30838 51334.917068481445 1
0.4494955328732628 = 0.7708152386054675 @ 29288 49067.05117225647 1
0.27188642316771716 = 0.5452668633553375 @ 43934 70946.1681842804 1
0.6418039112373681 = 0.23643834394588417 @ 31634 52579.23626899719 1
0.07969977955409299 = 0.9999998284544728 @ 30698 51150.7728099823 1
0.4601817929177286 = 0.7180255785857731 @ 46258 74471.81868553162 1
0.4494955328563389 = 0.7708152386054674 @ 45302 73073.11153411865 1
0.9423903056502932 = 0.2358062004813538 @ 38826 63387.55178451538 1
0.07969977956982752 = 0.9999998284544727 @ 30226 50507.74002075195 1
0.06778241135444975 = 0.8018176205628079 @ 43662 70599.16663169861 1
0.24627867919246058 = 0.9486893125664467 @ 28232 47456.02107048035 1
0.6792913339517641 = 0.5041074703328661 @ 49046 78543.53070259094 1
0.6515922327447936 = 0.3373141581904965 @ 38894 63478.5521030426 1
0.24627867925441638 = 0.9486893125664468 @ 23114 39510.64610481262 1
0.6791657398505011 = 0.5041115095456913 @ 49746 79415.94290733337 1
0.22493654542606956 = 0.6351286548605936 @ 46940 75341.81833267212 1
0.14855178788385875 = 2.194904202205655e-05 @ 22560 38546.92339897156 1
0.2318029563856755 = 0.7916738746480412 @ 43326 70168.053150177 1
0.21985763258427307 = 0.50709302807401 @ 48706 77937.41774559021 1
0.9182441877457057 = 0.23640004882796786 @ 47554 76297.8208065033 1
0.23568733760803243 = 0.8618636524117452 @ 42824 69335.0203037262 1
0.7235276529120602 = 0.17998196039118097 @ 48694 77923.41780662537 1
0.246278679229539 = 0.9486893125664468 @ 39610 64602.26535797119 1
0.0796997795681065 = 0.9999998284544728 @ 45654 73518.11122894287 1
0.4494955328136352 = 0.7708152386054674 @ 35316 58225.43454170227 1
0.4494955331595076 = 0.7708152386054674 @ 39286 64186.26403808594 1
0.4494955331343944 = 0.7708152386054672 @ 48692 77920.41826248169 1
0.4392439439685518 = 0.7214030866655783 @ 40718 66243.38746070862 1
0.8840850225917474 = 0.09209931394620995 @ 15254 26874.794960021973 1
0.2462786792527682 = 0.9486893125664467 @ 46656 74980.81731796265 1
0.24627867934243403 = 0.9486893125664468 @ 34964 57560.4350566864 1
0.2568122680332441 = 0.8646340428125228 @ 48864 78138.38815689087 1
0.07969977955000185 = 0.9999998284544728 @ 39436 64378.233194351196 1
0.07969976426860798 = 0.9999998284541248 @ 49964 79699.95546340942 1
0.07969977949745027 = 0.9999998284544727 @ 35102 57946.40326499939 1
0.2357030104186964 = 0.8621110897303361 @ 44624 72018.68510246277 1
0.8536379875140412 = 0.010231230348305372 @ 49676 79326.95198059082 1
0.18485168809982777 = 0.012064408786653835 @ 23760 40391.653299331665 1
0.4655421001772589 = 0.6567441240399674 @ 48156 77243.36361885071 1
0.07969978011331975 = 0.9999998284544722 @ 48994 78300.41790008545 1
0.24627867917678833 = 0.9486893125664467 @ 41828 67855.96561431885 1
0.9301512637682183 = 0.2516100810436687 @ 32986 54554.35800552368 1
0.24627867915799462 = 0.9486893125664468 @ 26326 44494.36902999878 1
0.23578881828559956 = 0.8634602963067939 @ 49778 79457.95369148254 1
0.23568442368813391 = 0.8618176142265229 @ 39928 65021.26479148865 1
0.07969977954125294 = 0.9999998284544728 @ 45566 73409.10959243774 1
0.05377653816445757 = 0.3130019661680287 @ 16608 29001.70636177063 1
0.29144066710214367 = 0.15487275464803335 @ 36760 60314.43476676941 1
0.2339159702721435 = 0.8319649701853092 @ 45798 73700.67143440247 1
0.2065941847688092 = 0.20993422670841272 @ 28026 47182.05285072327 1
0.4494955334317092 = 0.7708152386054674 @ 44302 71601.18174552917 1
0.09178793621933207 = 0.8100889082208336 @ 47690 76472.81646728516 1
0.07969977945419161 = 0.9999998284544727 @ 35200 58077.43287086487 1
0.4380771129148492 = 0.709894409181582 @ 48726 77963.41848373413 1
0.653823522988775 = 0.359635683803215 @ 33816 55845.89600563049 1
0.25683512762318084 = 0.8642857135540102 @ 37708 61740.978717803955 1
0.24627792995546638 = 0.9486893121181034 @ 49902 79618.92247200012 1
0.667391557565677 = 0.4694573638908527 @ 48666 77889.41812515259 1
0.9186098429440541 = 0.23729917851400828 @ 48208 77308.33101272583 1
0.2462786796514091 = 0.9486893125664467 @ 40852 66419.35873031616 1
0.24627867943192372 = 0.9486893125664468 @ 21164 36421.22459411621 1
0.20652427294107562 = 0.20868797977986608 @ 29376 49183.19511413574 1
0.5920169527798856 = 0.0018725797952609353 @ 8620 15290.737390518188 1
0.07969977940402018 = 0.9999998284544727 @ 30626 51053.77221107483 1
0.09232268913913988 = 0.7948896997221888 @ 48620 77832.41772651672 1
0.9751967444020628 = 0.10211154726071102 @ 26690 44983.33787918091 1
0.4250396157825129 = 0.5230390410911187 @ 34042 56344.92588043213 1
0.2356865596224246 = 0.861851361753648 @ 43986 71011.16943359375 1
0.5779817783141413 = 4.11063640699299e-05 @ 35776 58819.43368911743 1
0.0796997793935364 = 0.9999998284544727 @ 35372 58299.43656921387 1
0.9437384721381025 = 0.23227701205279247 @ 36150 59511.43217086792 1
0.42293591377662093 = 0.4866390571151255 @ 47474 76198.81868362427 1
0.0796997796089647 = 0.9999998284544728 @ 36574 60071.43330574036 1
0.8262994923099365 = 0.00010435383280505792 @ 41420 67327.93021202087 1
0.06783417821093488 = 0.803405613620418 @ 44810 72255.71894645691 1
0.7042452540027042 = 0.36597339936977324 @ 25760 43522.37033843994 1
0.24627867981121268 = 0.9486893125664467 @ 35662 58673.43521118164 1
0.4494955335300921 = 0.7708152386054674 @ 34600 57083.43601226807 1
0.9026768186461376 = 0.17901316558309796 @ 45490 73309.1094493866 1
0.07969977952766627 = 0.9999998284544726 @ 48982 78286.41843795776 1
0.07969977969418007 = 0.9999998284544728 @ 45698 73573.10962677002 1
0.09033064144132205 = 0.8494735253596097 @ 44892 72358.7155342102 1
0.24627867932245684 = 0.9486893125664468 @ 26804 45136.937856674194 1
0.4247946786666648 = 0.5188428962004724 @ 40674 66184.26394462585 1
0.4494954229106587 = 0.7708152385996296 @ 47172 75816.81656837463 1
0.17014764556633827 = 0.00015460317630817136 @ 44152 71408.17070007324 1
0.07969975637531049 = 0.9999998284536753 @ 48974 78276.41797065735 1
0.07970001526372972 = 0.9999998283724649 @ 49816 79508.92400741577 1
0.4494955329207009 = 0.7708152386054675 @ 43906 70910.16793251038 1
0.9172603706368252 = 0.23385660635728922 @ 42332 68696.54369354248 1
0.9191642493163492 = 0.23861382614379267 @ 42774 69272.02296257019 1
0.24627867930982794 = 0.9486893125664468 @ 48502 77684.41963195801 1
0.4495006845304362 = 0.770815225851786 @ 49920 79642.95268058777 1
0.6672015014414814 = 0.468361986439802 @ 45420 73219.10977363586 1
0.05429792970977279 = 0.3296642636628707 @ 46804 75169.81768608093 1
0.4931135272196871 = 0.22478418088581933 @ 25146 42699.3682384491 1
0.09018314098213887 = 0.8532773493924891 @ 44994 72488.71517181396 1
0.07969978164264663 = 0.9999998284544663 @ 49878 79587.95404434204 1
0.44950004720233583 = 0.7708152288123181 @ 49952 79683.92133712769 1
0.24627867936286116 = 0.9486893125664468 @ 41034 66837.38923072815 1
0.246276857801647 = 0.9486893099179755 @ 49734 79399.95241165161 1
0.41520007912109674 = 0.35145115175512515 @ 48866 78140.42043685913 1
0.07969977951091278 = 0.9999998284544728 @ 28780 48198.05312156677 1
0.2687570114041299 = 0.6202049194041441 @ 48028 77080.78861236572 1
0.24627867940216205 = 0.9486893125664468 @ 25474 43138.37027549744 1
0.4598454035641727 = 0.7211893821931569 @ 47336 76025.81810951233 1
0.24627867932247902 = 0.9486893125664468 @ 47326 76012.81833648682 1
0.6673119115099724 = 0.46900021064465963 @ 44502 71859.71546173096 1
0.42373625394289205 = 0.5005744925579754 @ 45256 73013.11039924622 1
0.6791657421089026 = 0.5041115095456881 @ 49728 79390.92421531677 1
0.24627867919997848 = 0.9486893125664468 @ 25186 42753.34072113037 1
0.48611117246697366 = 0.32801473532904896 @ 32158 53468.32489967346 1
0.8823326440169129 = 0.08465591533148145 @ 31804 52802.23274230957 1
0.06850873467245627 = 0.823668176976518 @ 40686 66199.3556022644 1
0.07969977956044341 = 0.9999998284544727 @ 37476 61441.983222961426 1
0.6674283822700446 = 0.4696678103475984 @ 41790 67807.93356895447 1
0.07969978029277437 = 0.9999998284544718 @ 49078 78582.56101608276 1
0.24627867947255572 = 0.9486893125664468 @ 46932 75332.81946182251 1
0.44949573533994136 = 0.7708152385858142 @ 49506 79114.9537563324 1
0.24627867953260096 = 0.9486893125664468 @ 35732 58762.402057647705 1
0.7812378053368811 = 0.00025583743530232936 @ 44590 71975.68249702454 1
0.44949553308971585 = 0.7708152386054675 @ 31880 52905.354261398315 1
0.07969977935498213 = 0.9999998284544727 @ 43546 70454.17022705078 1
0.285980075324588 = 0.24010887113786014 @ 43284 70113.05117607117 1
0.30281475924174794 = 0.047022716581292076 @ 20282 35009.22203063965 1
0.07969977940695899 = 0.9999998284544727 @ 25326 42940.37079811096 1
0.07969977944895498 = 0.9999998284544727 @ 37598 61595.97706794739 1
0.2691991479549364 = 0.6096866785557221 @ 36110 59459.43307876587 1
0.07969977950323498 = 0.9999998284544727 @ 40592 66080.26456832886 1
0.9445794973502273 = 0.22991788267649402 @ 49252 78802.96015739441 1
0.3785275875277893 = 0.011652368728567907 @ 43414 70282.16910362244 1
0.31393514355218444 = 0.008803042894275257 @ 10988 19523.48756790161 1
0.43800321806550224 = 0.7091291981098196 @ 47576 76325.81830024719 1
0.4640206803780656 = 0.676068977390977 @ 46060 74215.67463874817 1
0.6286146687197166 = 0.11784758742714342 @ 29056 48757.05099105835 1
0.4494955331687428 = 0.7708152386054675 @ 43120 69901.05152130127 1
0.40551649598427 = 0.2014127904466834 @ 48162 77250.36716461182 1
0.7229409328800819 = 0.1851442176690691 @ 41372 67267.96531677246 1
0.24628781944764078 = 0.948689245893975 @ 49602 79232.95164108276 1
0.24627867917053503 = 0.9486893125664467 @ 25182 42747.368574142456 1
0.07969977955235671 = 0.9999998284544728 @ 48750 77992.42162704468 1
0.7412689961249903 = 0.06038850813164048 @ 8212 14657.73606300354 1
0.06807172797162689 = 0.8106334068021738 @ 45674 73544.10982131958 1
0.07969988017790236 = 0.9999998284395374 @ 49082 78587.53228187561 1
0.24627867917162768 = 0.9486893125664468 @ 33122 54934.35788154602 1
0.9417542549456835 = 0.23735960843779025 @ 44802 72245.71466445923 1
0.9891145449594614 = 0.05123235751087915 @ 10346 18569.38672065735 1
0.4237749808269613 = 0.5012464102782872 @ 48600 77808.4180355072 1
0.24627755368780174 = 0.9486893115549546 @ 49936 79662.92452812195 1
0.07969977962875324 = 0.9999998284544727 @ 40204 65567.26360321045 1
0.09033538455467416 = 0.8493506167999488 @ 40870 66442.38662719727 1
0.42538659392834854 = 0.5289603354410084 @ 20652 35500.2224445343 1
0.24627867936779824 = 0.9486893125664468 @ 38878 63457.55100250244 1
0.6290591171134183 = 0.12120712566410176 @ 31678 52638.2360458374 1
0.24627867644759532 = 0.9486893125664392 @ 48670 77894.41776275635 1
0.930148719746164 = 0.25161007951488357 @ 45340 73121.1097240448 1
0.06805060082273115 = 0.8099945689570439 @ 49432 79024.92475509644 1
0.2462786792535555 = 0.9486893125664467 @ 33754 55767.92526245117 1
0.07969949212193092 = 0.9999998283324162 @ 49578 79202.956199646 1
0.24627867952912547 = 0.948689312566447 @ 32722 54208.35494995117 1
0.8684495357611619 = 0.036984833119722414 @ 47090 75713.81688117981 1
0.23575796575888014 = 0.8629762565549665 @ 49704 79361.95230484009 1
0.07969977944258233 = 0.9999998284544727 @ 28796 48220.054388046265 1
0.4377122206498507 = 0.7060745331597323 @ 49372 78950.95300674438 1
0.4494955329196102 = 0.7708152386054672 @ 47812 76629.81367111206 1
0.0796997794845759 = 0.9999998284544727 @ 43300 70134.02009010315 1
0.39324492201154876 = 0.0738825647623692 @ 25020 42531.37016296387 1
0.24627867906428175 = 0.9486893125664463 @ 48506 77689.38994407654 1
0.6791657382987601 = 0.5041115095456923 @ 45568 73412.11128234863 1
0.24627867930089692 = 0.9486893125664468 @ 45822 73731.67395591736 1
0.09006708817483179 = 0.8562449108638831 @ 40172 65527.26364135742 1
0.5138658900395152 = 0.04212690186333208 @ 32962 54523.35429191589 1
0.4494955325718216 = 0.7708152386054674 @ 34188 56537.92405128479 1
0.09009876563133164 = 0.8554371215892937 @ 40418 65850.26359558105 1
0.8451845774948956 = 0.0037557635478943914 @ 30118 50364.77303504944 1
0.4271241616381992 = 0.5581395489265675 @ 42098 68398.9315032959 1
0.3741819963635262 = 0.0054973746720421365 @ 40256 65633.23283195496 1
0.06819401946326917 = 0.814315713311055 @ 35620 58620.43738365173 1
0.28559096570805065 = 0.24703241189928168 @ 33322 55200.35266876221 1
0.2462786791065032 = 0.9486893125664467 @ 18910 32668.968439102173 1
0.6910594360687082 = 0.4692708388931717 @ 12632 22422.89662361145 1
0.268244727984723 = 0.6323391936720483 @ 24830 42065.36912918091 1
0.21687669536990412 = 0.43256274099772046 @ 47870 76703.8164138794 1
0.07969981912794445 = 0.9999998284521664 @ 49556 79175.9524345398 1
0.44950117255878563 = 0.7708152233208379 @ 49096 78604.56156730652 1
0.07969977941802628 = 0.9999998284544727 @ 31976 53031.35323524475 1
0.24627867934243397 = 0.9486893125664468 @ 29846 49806.1957359314 1
0.4494955476096635 = 0.7708152386053664 @ 48298 77425.38690567017 1
0.6903840651599445 = 0.4729945699669062 @ 38492 62957.5514793396 1
0.09032291786978089 = 0.849673588387052 @ 46182 74377.81739234924 1
0.6544955769144876 = 0.36621582269408004 @ 47682 76462.81695365906 1
0.8787992527479328 = 0.07051429305447043 @ 33318 55194.353103637695 1
0.679165737827577 = 0.5041115095456921 @ 42156 68473.96302223206 1
0.28581339521893406 = 0.24306125413008672 @ 41998 68080.9679031372 1
0.9301512696978032 = 0.25161008104557747 @ 49468 79068.95685195923 1
0.23599690681472485 = 0.866693356622162 @ 48690 77918.38908195496 1
0.07969780290211674 = 0.9999998226841219 @ 49954 79685.92143058777 1
0.44955222139096274 = 0.7708136942272604 @ 49932 79658.95247459412 1
0.06815576125113079 = 0.8131665802905714 @ 42470 68875.54121017456 1
0.4724481677690077 = 0.5546194952115381 @ 38590 63083.55236053467 1
0.6904154477166727 = 0.47282574442052666 @ 44014 71230.16834259033 1
0.5068399861052404 = 0.08275566246625302 @ 39268 64163.26332092285 1
0.24627858570657057 = 0.9486893125594313 @ 49860 79563.95435333252 1
0.8994692977238048 = 0.16408918275612475 @ 49844 79545.92514038086 1
0.449495533186282 = 0.7708152386054674 @ 48388 77538.43450546265 1
0.37469811610463744 = 0.006050586649169709 @ 40586 66073.26078414917 1
0.07969977955585361 = 0.9999998284544728 @ 24956 42235.33773422241 1
0.1336244422446187 = 0.00719514820810092 @ 34114 56439.926862716675 1
0.6675397053033072 = 0.47030045310077373 @ 39702 64723.265409469604 1
0.9181386622479029 = 0.2361358723124159 @ 44532 71898.71454238892 1
0.2696820661892626 = 0.5981589185141436 @ 44582 71965.7199382782 1
0.45105377449059025 = 0.769650355531416 @ 45098 72809.91554260254 1
0.24627867939167242 = 0.9486893125664468 @ 47394 76096.82059288025 1
0.20650617030707175 = 0.20836596496574084 @ 39128 63979.26378250122 1
0.08989154312421455 = 0.860690726872793 @ 26812 45146.93593978882 1
0.18193676851856033 = 0.006544382250294498 @ 16854 29353.70421409607 1
0.3151017212212429 = 0.007085436900823784 @ 3990 6315.497636795044 1
0.798569385627439 = 1.1545313703216585e-07 @ 3616 5707.497596740723 1
0.2462786793630572 = 0.9486893125664468 @ 36218 59604.43425178528 1
0.21970597571641032 = 0.5032577442972207 @ 43760 70724.16710853577 1
0.7327549621383015 = 0.10836401998235079 @ 39420 64358.26349258423 1
0.0796989426725837 = 0.9999998274200388 @ 49056 78555.53221702576 1
0.25678293278917064 = 0.8650801407488528 @ 44116 71361.16671562195 1
0.2568756759445776 = 0.8636663289755689 @ 47158 75800.78864097595 1
0.07969977952958343 = 0.9999998284544728 @ 46530 74821.81859016418 1
0.25678402184554344 = 0.8650635978017737 @ 42768 69265.05255699158 1
0.7325853945648529 = 0.10950169431732676 @ 8636 15315.760612487793 1
0.07969977937539136 = 0.9999998284544727 @ 33086 54887.32194900513 1
0.6791657494376442 = 0.5041115095456594 @ 36414 59858.43229293823 1
0.2203061166629319 = 0.5184492549983408 @ 36920 60522.43399620056 1
0.9749996567930523 = 0.10294905204699056 @ 49446 79042.9539680481 1
0.07969977944610537 = 0.9999998284544727 @ 34276 56654.43396568298 1
0.07969977935068906 = 0.9999998284544724 @ 47602 76359.81965065002 1
0.7156190599188876 = 0.253966870589652 @ 37316 61235.97741127014 1
0.6791657388652856 = 0.5041115095456921 @ 49126 78642.56072044373 1
0.9566563897758148 = 0.18535408167341158 @ 31462 52359.065771102905 1
0.7045668175304592 = 0.3629296644221752 @ 46320 74551.78642272949 1
0.235691227382377 = 0.861925091827548 @ 49810 79500.92148780823 1
0.23574436443689326 = 0.8627624851894355 @ 47578 76328.8209438324 1
0.24627867920034618 = 0.9486893125664468 @ 25980 43817.368268966675 1
0.4494955325514142 = 0.7708152386054672 @ 38862 63436.551332473755 1
0.2701187062275927 = 0.5877079601590888 @ 47028 75634.81879234314 1
0.07969977947438814 = 0.9999998284544723 @ 49998 79741.92380905151 1
0.24627867918595425 = 0.9486893125664468 @ 22882 38982.495069503784 1
0.07969977955811988 = 0.9999998284544727 @ 34892 57470.43442726135 1
0.07969978395444607 = 0.9999998284544444 @ 49028 78520.56097984314 1
0.11833284429262372 = 0.10513589108077682 @ 45942 73883.67295265198 1
0.07969977968128097 = 0.9999998284544727 @ 34506 56958.43458175659 1
0.47372117257708946 = 0.5339535942112501 @ 47818 76636.82055473328 1
0.07969977937600398 = 0.9999998284544727 @ 31442 52333.92000198364 1
0.09007733569554244 = 0.8559837783223472 @ 39878 64955.26361465454 1
0.8273907812490446 = 0.00013958515159791135 @ 4776 8051.774024963379 1
0.0848444851145928 = 0.9621753871001192 @ 49084 78589.56122398376 1
0.07969977955342762 = 0.9999998284544727 @ 49628 79266.95585250854 1
0.4242438820520963 = 0.5093619250582107 @ 33282 55147.35245704651 1
0.24627866528372228 = 0.9486893125662857 @ 48686 77913.38849067688 1
0.7048233627093077 = 0.3604906082671319 @ 45022 72710.68501472473 1
0.07969977944135469 = 0.9999998284544727 @ 29062 48764.05143737793 1
0.07969977940107659 = 0.9999998284544727 @ 33312 55185.3563785553 1
0.6791657387719694 = 0.5041115095456921 @ 45838 73752.64596939087 1
0.7086606834754947 = 0.3231180278206527 @ 43706 70655.13896942139 1
0.246278679383166 = 0.9486893125664468 @ 33136 54953.35674285889 1
0.6529821227108152 = 0.35129730187180347 @ 46954 75360.8181476593 1
0.6791691227777001 = 0.5041115066120747 @ 48312 77443.42064857483 1
0.7412716958710046 = 0.06037610858115597 @ 41382 67279.96253967285 1
0.24627845317810593 = 0.9486893125255806 @ 49380 78960.95204353333 1
0.91543498976106 = 0.2286729808455864 @ 35984 59093.40214729309 1
0.24626228575369713 = 0.9486890980691448 @ 49690 79343.9531326294 1
0.4494955331561479 = 0.7708152386054673 @ 38712 63240.556478500366 1
0.44949553326284347 = 0.7708152386054674 @ 27792 46668.479681015015 1
0.2844288521809837 = 0.2683536116180006 @ 20612 35448.1942653656 1
0.7068882769888547 = 0.3405569492063909 @ 45496 73317.11006164551 1
0.8826687236008999 = 0.08606279344877499 @ 43570 70483.17122459412 1
0.44949553307968515 = 0.7708152386054675 @ 49002 78488.53278160095 1
0.8264403330911541 = 0.00010844209335690595 @ 15150 26726.794958114624 1
0.742719874266213 = 0.053972613173788805 @ 47508 76241.81818962097 1
0.2462786042428692 = 0.9486893125619309 @ 49226 78769.95277404785 1
0.24627686645412994 = 0.9486893099430752 @ 48330 77465.41976928711 1
0.07949797568666313 = 0.9999396506795081 @ 49764 79437.95442581177 1
0.09188427074529926 = 0.8073782687334526 @ 49068 78570.56045532227 1
0.4372654741936147 = 0.7012583001265122 @ 46080 74241.64652824402 1
0.24627867939287476 = 0.9486893125664468 @ 40766 66306.38670921326 1
0.9197943559166819 = 0.24003587263490125 @ 46618 74933.81643295288 1
0.07969977950904752 = 0.9999998284544727 @ 30668 51108.77537727356 1
0.19197950179023227 = 0.04041877387780861 @ 29414 49233.16550254822 1
0.0796997793538089 = 0.9999998284544727 @ 33538 55480.92603683472 1
0.26898778216026076 = 0.6147197409986412 @ 33836 55873.92497062683 1
0.4494952949719791 = 0.77081523857821 @ 49254 78804.92377281189 1
0.7049794270319247 = 0.3590023592005726 @ 27494 46268.44835281372 1
0.8837887367062647 = 0.09082250827384758 @ 31222 52041.91875457764 1
0.9402421875099216 = 0.24075429116399305 @ 22884 38984.49683189392 1
0.07969977588499541 = 0.9999998284544517 @ 48748 77990.41891098022 1
0.2462786793455828 = 0.9486893125664468 @ 34350 56752.432107925415 1
0.09013786877454548 = 0.8544376626873814 @ 40394 65818.26376914978 1
0.9751796325157156 = 0.10218416144538799 @ 46082 74244.64344978333 1
0.07969977938011924 = 0.9999998284544727 @ 37408 61356.977701187134 1
0.437263649900147 = 0.7012383219227011 @ 45796 73697.67498970032 1
0.09003135494522285 = 0.8571541044857107 @ 49118 78632.5614452362 1
0.4494955325746569 = 0.7708152386054674 @ 31546 52468.0655002594 1
0.6680565786055885 = 0.47316745054859227 @ 34380 56789.43228721619 1
0.1181438408828892 = 0.10769107224248896 @ 1000 21.004199981689453 1
0.2569206927408586 = 0.8629764173553246 @ 37074 60915.977001190186 1
0.24627866591569902 = 0.9486893125663 @ 49808 79497.95770645142 1
0.0796997794297497 = 0.9999998284544727 @ 35546 58523.43535423279 1
0.2462786794884704 = 0.9486893125664468 @ 38986 63601.69005393982 1
0.8462131514239437 = 0.004300834332255202 @ 5168 9035.511493682861 1
0.2462786793196674 = 0.9486893125664468 @ 32298 53650.32243728638 1
0.22010156296862476 = 0.5132672888443315 @ 38740 63276.55816078186 1
0.07969977941510002 = 0.9999998284544727 @ 39992 65105.26371002197 1
0.4598663938860906 = 0.7209945349042833 @ 38694 63218.55163574219 1
0.44949553384347873 = 0.7708152386054669 @ 49564 79185.95218658447 1
0.575693437974708 = 1.5433730127052692e-05 @ 41770 67780.9624671936 1
0.07969976771481195 = 0.9999998284542634 @ 49942 79670.95446586609 1
0.9301550163238037 = 0.251610080712991 @ 23354 39830.644607543945 1
0.6295813122450374 = 0.12522060366676946 @ 1818 1844.0155982971191 1
0.07969977955111524 = 0.9999998284544727 @ 30674 51116.77360534668 1
0.24627867940501674 = 0.9486893125664468 @ 37298 61210.9489440918 1
0.6791657395297592 = 0.5041115095456916 @ 49938 79665.95220565796 1
0.7043599057824227 = 0.36488993038516426 @ 45898 73828.64618301392 1
0.4494955330665256 = 0.7708152386054676 @ 36498 59969.43473815918 1
0.0796997796462177 = 0.9999998284544727 @ 27246 45934.47923660278 1
0.6290328234441236 = 0.1210069255240121 @ 46926 75323.81820678711 1
0.05427509780469771 = 0.32892699830134203 @ 38382 62815.55080413818 1
0.9177778180460103 = 0.23521675958050556 @ 34596 57077.43215560913 1
0.4494956119846029 = 0.7708152386024784 @ 49850 79552.95205116272 1
0.7219458169010615 = 0.1940406504930431 @ 48188 77282.36198425293 1
0.2695057564181274 = 0.602371822921186 @ 40826 66385.38670539856 1
0.9570324801043213 = 0.18372753263243216 @ 32190 53510.35284996033 1
0.9890007893853066 = 0.051571782906828526 @ 38476 62937.55125999451 1
0.24627867947093912 = 0.948689312566447 @ 47838 76662.78672218323 1
0.44949553294623545 = 0.7708152386054675 @ 43678 70619.16470527649 1
0.6791657384983601 = 0.504111509545692 @ 44868 72329.71549034119 1
0.07969977955524712 = 0.9999998284544727 @ 45448 73256.10947608948 1
0.47374162044592716 = 0.533618580623075 @ 37714 61747.97868728638 1
0.24627867943488937 = 0.9486893125664467 @ 41164 67002.96258926392 1
0.3003485696433339 = 0.06318477014949159 @ 27982 46921.481132507324 1
0.4494955327935384 = 0.7708152386054674 @ 42158 68476.96352005005 1
0.07967684462482114 = 0.9999990515962213 @ 49776 79454.95367050171 1
0.4598124576941146 = 0.7214945160961598 @ 40372 65789.2336845398 1
0.22059842581325662 = 0.5258597264136176 @ 31760 52744.23789978027 1
0.9187530188637392 = 0.237644324476664 @ 42142 68455.96289634705 1
0.2568508606837595 = 0.8640456179773094 @ 49016 78505.55109977722 1
0.07969977947000931 = 0.9999998284544727 @ 36902 60500.43535232544 1
0.24627867937374817 = 0.9486893125664468 @ 32622 54074.35393333435 1
0.6678244295346407 = 0.4718941497839538 @ 48582 77785.41946411133 1
0.24628149432810986 = 0.948689306242705 @ 49800 79487.93125152588 1
0.2881720012659341 = 0.2031885068519361 @ 44400 71728.71541976929 1
0.38899913663119845 = 0.047311704483101 @ 36102 59447.404623031616 1
0.07969977972736901 = 0.9999998284544727 @ 48520 77707.41772651672 1
0.24627867919321092 = 0.9486893125664468 @ 27762 46631.44850730896 1
0.2462786793262179 = 0.948689312566447 @ 31892 52920.353412628174 1
0.6014317599413055 = 0.008751868210643101 @ 28468 47781.023263931274 1
0.07969977967489206 = 0.9999998284544727 @ 31618 52559.237241744995 1
0.07969977950674431 = 0.9999998284544727 @ 37568 61557.94596672058 1
0.4230821516600396 = 0.4891918443330632 @ 39862 64933.23493003845 1
0.0796997795716215 = 0.9999998284544728 @ 46712 75050.78887939453 1
0.05392456250328886 = 0.31769496937571107 @ 40198 65560.2638721466 1
0.9631173222883704 = 0.15642467143943056 @ 24746 41953.36961746216 1
0.25773908456721895 = 0.8500249396873479 @ 44246 71529.16860580444 1
0.4735193575782076 = 0.5372552501501666 @ 36960 60576.436042785645 1
0.06844088382796 = 0.8216671441698594 @ 41356 67247.9636669159 1
0.7058521111867455 = 0.35062179415093675 @ 31984 53041.35322570801 1
0.24627867932612726 = 0.9486893125664468 @ 28892 48343.05214881897 1
0.6290859895322252 = 0.12141192006891359 @ 22010 37802.92057991028 1
0.11847254728251688 = 0.1032747472760855 @ 49632 79271.95239067078 1
0.24627867950095397 = 0.9486893125664468 @ 23516 40057.650089263916 1
0.9749776935397485 = 0.1030425399198892 @ 25442 43096.370220184326 1
0.22217258141748886 = 0.5657863244483202 @ 41768 67777.96268463135 1
0.2462786795136967 = 0.9486893125664468 @ 38666 63179.550886154175 1
0.2902566060687678 = 0.17143354267773248 @ 35752 58789.432764053345 1
0.43864461345967204 = 0.7156278321518215 @ 45862 73784.67440605164 1
0.4494955327373852 = 0.7708152386054674 @ 38750 63290.55094718933 1
0.4997162283389146 = 0.14565442857676372 @ 40466 65915.26579856873 1
0.4494955328793662 = 0.7708152386054671 @ 38248 62643.52035522461 1
0.6791657382332028 = 0.5041115095456922 @ 40124 65467.26369857788 1
0.42288835446485534 = 0.4858082775898826 @ 40522 65989.23301696777 1
0.38124675450250844 = 0.017607936295450537 @ 26830 45172.93739318848 1
0.07969977941509788 = 0.9999998284544727 @ 35924 59016.430377960205 1
0.24627867903351433 = 0.9486893125664465 @ 41642 67612.93053627014 1
0.2739902708025911 = 0.4949340911805724 @ 42900 69436.05208396912 1
0.067744630249037 = 0.8006557757388861 @ 46164 74353.64389419556 1
0.44949553318901575 = 0.7708152386054674 @ 47290 75965.81792831421 1
0.6791657334172534 = 0.5041115095456866 @ 42982 69540.04573822021 1
0.6677572386866986 = 0.4715212310379873 @ 49116 78630.53178787231 1
0.9867047416683662 = 0.05871196310914379 @ 35884 58961.40456199646 1
0.7081102603334795 = 0.3285584196741993 @ 49974 79711.95268630981 1
0.25753478972246235 = 0.8533296851050405 @ 30454 50817.77310371399 1
0.24627867949246446 = 0.9486893125664468 @ 25176 42739.34054374695 1
0.44949370518498155 = 0.7708152369996062 @ 49622 79259.92369651794 1
0.23587448032851593 = 0.8647979018635175 @ 27036 45650.935888290405 1
0.2462786793172162 = 0.948689312566447 @ 31214 52032.91893005371 1
0.07970066325599542 = 0.9999998273013712 @ 49784 79465.95430374146 1
0.07969977952483648 = 0.9999998284544727 @ 32854 54384.35506820679 1
0.24627867939508366 = 0.9486893125664468 @ 28744 48149.02353286743 1
0.775069610165221 = 0.0009820390669532135 @ 47664 76439.78881835938 1
0.6791657387060436 = 0.5041115095456922 @ 31034 51794.91901397705 1
0.6791558767861152 = 0.504111484642323 @ 49176 78705.95216751099 1
0.0688450629107541 = 0.833459757519708 @ 35134 57989.43257331848 1
0.24627867937222434 = 0.9486893125664468 @ 49364 78940.95230102539 1
0.28587405896709306 = 0.2419843941032585 @ 41818 67842.96107292175 1
0.07967394395136532 = 0.9999988426567059 @ 49584 79209.95354652405 1
0.44949772425850865 = 0.7708152362980647 @ 48570 77770.41983604431 1
0.2462786729176823 = 0.9486893125664124 @ 48960 78259.41801071167 1
0.43712193558604295 = 0.6996787152037949 @ 35702 58724.40218925476 1
0.9301490170898936 = 0.25161007976667255 @ 49450 79046.95510864258 1
0.07969977945950193 = 0.9999998284544727 @ 28924 48385.021448135376 1
0.37582305061741156 = 0.007408194181452789 @ 48594 77800.41909217834 1
0.24627867958163485 = 0.9486893125664467 @ 45018 72705.68537712097 1
0.07969977939997733 = 0.9999998284544727 @ 39920 65012.26568222046 1
0.44950644077586666 = 0.7708151814254237 @ 49826 79521.95382118225 1
0.2462786793914248 = 0.9486893125664468 @ 39156 64017.2643661499 1
0.6791657423512585 = 0.5041115095456874 @ 47598 76355.81827163696 1
0.07969977940011458 = 0.9999998284544722 @ 49540 79155.95483779907 1
0.24627867881207988 = 0.9486893125664463 @ 46822 75191.81632995605 1
0.24627409260299016 = 0.9486892957748257 @ 49742 79409.95240211487 1
0.9753292158648583 = 0.10155006163599437 @ 42196 68524.96147155762 1
0.7021912926027252 = 0.38501520335893635 @ 28284 47526.020765304565 1
0.21969730618293787 = 0.5030385851342889 @ 48514 77700.41799545288 1
0.21598440796959983 = 0.4107752212315539 @ 49218 78758.92424583435 1
0.6791657388309391 = 0.504111509545692 @ 49434 79026.95393562317 1
0.07969977960603115 = 0.9999998284544728 @ 41588 67542.96255111694 1
0.07969977948755133 = 0.9999998284544728 @ 49144 78665.55905342102 1
0.42306132566651067 = 0.4888284611410247 @ 49220 78761.92259788513 1
0.07969977957619243 = 0.9999998284544727 @ 46920 75315.81783294678 1
0.2462786799640453 = 0.9486893125664466 @ 40640 66141.23392105103 1
0.2462786792973582 = 0.9486893125664468 @ 31536 52455.06548881531 1
0.07969977938885048 = 0.9999998284544727 @ 34876 57447.43227958679 1
0.4603922654328366 = 0.716001674888683 @ 49644 79286.9553565979 1
0.4494955332173344 = 0.7708152386054674 @ 49268 78821.95210456848 1
0.46145554953626144 = 0.7052668517784407 @ 49928 79653.9523601532 1
0.07938162320557035 = 0.9998502050122079 @ 48478 77653.38730812073 1
0.2210150415112589 = 0.536428576501791 @ 39988 65101.26352310181 1
0.055164927869257696 = 0.35814933014559935 @ 40102 65437.26420402527 1
0.24627867954716254 = 0.9486893125664468 @ 35834 58894.43230628967 1
0.25691043891885573 = 0.8631337736034077 @ 36180 59553.43413352966 1
0.6676178898201791 = 0.47074157590361193 @ 44306 71605.17001152039 1
0.2689686911895196 = 0.6151739204924861 @ 36170 59539.43228721619 1
0.9749070930533654 = 0.1033432668542431 @ 5800 10057.51347541809 1
0.07969977947171913 = 0.9999998284544727 @ 43930 70940.16885757446 1
0.8832601474521852 = 0.08856276678852272 @ 33910 55969.89560127258 1
0.24627867932602185 = 0.9486893125664468 @ 48618 77829.4186592102 1
0.44949553300223505 = 0.7708152386054673 @ 47596 76352.82015800476 1
0.3529803139629825 = 3.227317680388271e-06 @ 4724 7971.773624420166 1
0.07969977948638675 = 0.9999998284544728 @ 49958 79690.92130661011 1
0.2462786792993794 = 0.9486893125664468 @ 42336 68701.54070854187 1
0.5496430731749855 = 2.384959072885114e-05 @ 38920 63513.55266571045 1
0.6791630985400596 = 0.5041115077614207 @ 42622 69077.05116271973 1
0.5304526993676815 = 0.004418753400517133 @ 45846 73763.67425918579 1
0.06812522641111948 = 0.812247558284032 @ 48104 77177.36601829529 1
0.2462786792719907 = 0.9486893125664467 @ 46628 74945.81747055054 1
0.24627867941577303 = 0.948689312566447 @ 46424 74684.818983078 1
0.256769908660661 = 0.8652778704798424 @ 28378 47650.05135536194 1
0.0901599379246007 = 0.8538724616434119 @ 45020 72707.71336555481 1
0.3312296818815321 = 7.33551267311107e-05 @ 5554 9678.488731384277 1
0.24627867951341734 = 0.9486893125664468 @ 16966 29516.250133514404 1
0.07969977935497258 = 0.9999998284544727 @ 42058 68345.9312915802 1
0.2462785182159709 = 0.9486893125456956 @ 48590 77795.42016983032 1
0.9425533969646658 = 0.23539620604720288 @ 30458 50823.77481460571 1
0.07969977956809715 = 0.9999998284544728 @ 41018 66817.38805770874 1
0.23572563542896785 = 0.8624677394025696 @ 49072 78575.56080818176 1
0.24627867933848435 = 0.9486893125664468 @ 45762 73653.67412567139 1
0.07969977952024498 = 0.9999998284544728 @ 47568 76315.81807136536 1
0.07969977956160607 = 0.9999998284544727 @ 36412 59856.43219947815 1
0.9301527978291398 = 0.251610081280919 @ 39590 64577.26573944092 1
0.07969977950088332 = 0.9999998284544727 @ 44896 72364.71581459045 1
0.6676920676211338 = 0.47115764789675857 @ 12788 22640.893936157227 1
0.0899436158861316 = 0.8593773941358432 @ 41310 67188.96102905273 1
0.9185581689609172 = 0.237173652251825 @ 34006 56297.92404174805 1
0.4494955329094319 = 0.7708152386054674 @ 46360 74600.81911087036 1
0.9441142094829341 = 0.23123768347150445 @ 42544 68975.05283355713 1
0.7396890586991516 = 0.06794454149792868 @ 38588 63080.52206039429 1
0.7745494531340726 = 0.0010849280056590758 @ 45936 73876.6758441925 1
0.23574099935336656 = 0.8627095602186247 @ 48508 77693.4175491333 1
0.06801822235976103 = 0.8090139947801436 @ 49750 79420.95184326172 1
0.24626878615475356 = 0.9486892344491199 @ 48906 78191.41840934753 1
0.6508564075598565 = 0.3298237367087036 @ 43290 70120.05090713501 1
0.06802423144123068 = 0.8091961173190909 @ 37582 61575.979471206665 1
0.07964552831572293 = 0.9999954812811721 @ 48760 78006.41751289368 1
0.06780574655918294 = 0.8025340137451523 @ 35154 58014.432191848755 1
0.06844340233872534 = 0.8217415709789775 @ 45742 73627.67887115479 1
0.07969977966789951 = 0.9999998284544728 @ 27092 45727.936029434204 1
0.25681473835754765 = 0.8645964303509983 @ 40810 66365.38648605347 1
0.07969977939115848 = 0.9999998284544727 @ 33812 55840.92402458191 1
0.07969977944955223 = 0.9999998284544727 @ 35318 58228.434562683105 1
0.9749901638957092 = 0.10298945527428673 @ 47154 75794.8169708252 1
0.7209466515769759 = 0.20314166138066453 @ 34574 57048.43306541443 1
0.14939751490704067 = 1.2098434512963264e-05 @ 17536 30553.251266479492 1
0.8457422595886018 = 0.0040442207034580594 @ 48576 77777.42004394531 1
0.26899872523583557 = 0.6144593701719732 @ 43684 70626.1694431305 1
0.26876401786361154 = 0.6200385456172144 @ 47514 76248.81887435913 1
0.09195982660037533 = 0.8052436939134305 @ 49250 78799.95250701904 1
0.7078055560155425 = 0.3315613879529738 @ 29896 49869.19641494751 1
0.9428410017288166 = 0.23466171863629254 @ 43748 70709.13624763489 1
0.5780783076926291 = 4.26915221979423e-05 @ 8004 14324.667930603027 1
0.4494955329179334 = 0.7708152386054674 @ 38464 62921.55075073242 1
0.4494957971173114 = 0.7708152385719724 @ 46858 75236.81807518005 1
0.0029871025729200306 = 0.027955877672369962 @ 16526 28887.704849243164 1
0.07969977959720279 = 0.9999998284544727 @ 49296 78855.95560073853 1
0.1860673998331478 = 0.015221327574992524 @ 20446 35224.223613739014 1
0.6672791587915489 = 0.468811427615699 @ 49334 78903.95212173462 1
0.2462786792412153 = 0.9486893125664468 @ 36830 60406.434297561646 1
0.07969977951439824 = 0.9999998284544728 @ 27232 45915.47989845276 1
0.05252362357610614 = 0.274541031833726 @ 40176 65532.26375579834 1
0.4494955330255873 = 0.7708152386054674 @ 44558 71933.68291854858 1
0.679165735223501 = 0.5041115095456898 @ 41780 67792.9630279541 1
0.9007548488089283 = 0.17013423206640618 @ 32562 53996.35291099548 1
0.07969977957101358 = 0.9999998284544728 @ 44924 72400.71940422058 1
0.6791657487176296 = 0.5041115095456636 @ 49986 79726.9537448883 1
0.44949553297276224 = 0.7708152386054675 @ 41464 67385.96081733704 1
0.6113643412316079 = 0.028770403085390726 @ 25994 43836.36569976807 1
0.07969977966198294 = 0.9999998284544727 @ 44350 71664.71529006958 1
0.24627867928264272 = 0.9486893125664468 @ 35474 58431.43391609192 1
0.23578701863996634 = 0.8634320951044898 @ 49680 79331.95185661316 1
0.24627867929501773 = 0.9486893125664468 @ 34350 56752.432107925415 1
0.5086364923180638 = 0.0704777212997656 @ 39120 63969.263315200806 1
0.2462786794954479 = 0.9486893125664467 @ 49968 79704.95271682739 1
0.667488948102522 = 0.4700126647564851 @ 39012 63825.26350021362 1
0.09043415614207209 = 0.8467828640244726 @ 44678 72086.71498298645 1
0.6791657383213343 = 0.5041115095456923 @ 45046 72741.68348312378 1
0.2462786791968802 = 0.9486893125664468 @ 34630 57124.433279037476 1
0.7238250855821855 = 0.17738944474601703 @ 48108 77183.36272239685 1
0.07969977934738748 = 0.9999998284544727 @ 37664 61682.97839164734 1
0.44949553336040027 = 0.7708152386054675 @ 39984 65096.26340866089 1
0.24627867935266337 = 0.9486893125664468 @ 33232 55082.35502243042 1
0.2567736504111773 = 0.8652210845565178 @ 44520 71881.71648979187 1
0.6791657377309079 = 0.5041115095456923 @ 41566 67514.96291160583 1
0.18951419939876288 = 0.027668097450631462 @ 44436 71774.71971511841 1
0.1187751444308629 = 0.09932314659266535 @ 36510 59985.43453216553 1
0.44949553310531465 = 0.7708152386054675 @ 42632 69090.02017974854 1
0.26893727357796343 = 0.6159211982481666 @ 49948 79678.92146110535 1
0.24627867958340846 = 0.9486893125664468 @ 45966 73913.64622116089 1
0.07969977940857541 = 0.9999998284544726 @ 40416 65847.26309776306 1
0.44949658642449697 = 0.7708152380722656 @ 46880 75265.81859588623 1
0.09051567269560058 = 0.8446518747093426 @ 40996 66603.38687896729 1
0.6791657383559961 = 0.5041115095456921 @ 44598 71986.71555519104 1
0.0796997795796698 = 0.9999998284544727 @ 27834 46722.480058670044 1
0.4735035520757284 = 0.5375134481245216 @ 40758 66296.38648033142 1
0.6905375099292217 = 0.47216517679134057 @ 38358 62784.55090522766 1
0.07969977946474047 = 0.9999998284544727 @ 29096 48809.054374694824 1
0.07969977953133528 = 0.9999998284544728 @ 33512 55446.92397117615 1
0.25689860387362784 = 0.8633152416943755 @ 38120 62471.55165672302 1
0.7072232889973726 = 0.3372799195434661 @ 47720 76510.8163356781 1
0.07969977942389472 = 0.9999998284544727 @ 36294 59704.43391799927 1
0.24627867952649304 = 0.9486893125664467 @ 49476 79078.95398139954 1
0.07969977885782914 = 0.9999998284544714 @ 48794 78049.42417144775 1
0.23486677481006163 = 0.848482408928982 @ 49156 78680.55605888367 1
0.06804946422227987 = 0.8099601784401661 @ 48194 77290.36259651184 1
0.24627867949411147 = 0.9486893125664468 @ 34942 57532.43374824524 1
0.7066834033121012 = 0.3425558072185831 @ 43968 70988.16919326782 1
0.24627867941113415 = 0.948689312566447 @ 43590 70509.13619995117 1
0.26963385038250937 = 0.5993114745156778 @ 42898 69433.05134773254 1
0.07969796213347749 = 0.9999998235763278 @ 49700 79355.95202445984 1
0.07969977907428191 = 0.999999828454472 @ 49818 79511.95430755615 1
0.25704658791411567 = 0.8610343628787762 @ 49298 78858.95299911499 1
0.07973719544808947 = 0.999997761298001 @ 49718 79378.95560264587 1
0.246278679325379 = 0.9486893125664468 @ 22892 38995.49460411072 1
0.53444838486171 = 0.002087019556978143 @ 2904 4068.5267448425293 1
0.5493854380551045 = 2.6720486715110403e-05 @ 5192 9073.502540588379 1
0.24627867942288004 = 0.9486893125664468 @ 31554 52478.06525230408 1
0.07969977967540097 = 0.9999998284544727 @ 26200 44321.37370109558 1
0.4494955330710234 = 0.7708152386054675 @ 42552 68986.0532283783 1
0.0796997794355083 = 0.9999998284544727 @ 46918 75312.8182888031 1
0.0796997794466321 = 0.9999998284544727 @ 24156 41140.64812660217 1
0.679165741177783 = 0.5041115095456895 @ 49304 78865.92149734497 1
0.2462786793206337 = 0.948689312566447 @ 32756 54254.3306350708 1
0.07969977943904784 = 0.9999998284544727 @ 39402 64335.26420593262 1
0.2224489410234377 = 0.5727828358871838 @ 42322 68683.54153633118 1
0.24627867940043394 = 0.9486893125664467 @ 46236 74444.81897354126 1
0.6525234622985094 = 0.34670955857008 @ 49872 79579.95438575745 1
0.07969977947928392 = 0.9999998284544727 @ 28788 48209.057569503784 1
0.0796997796445098 = 0.9999998284544727 @ 27178 45843.449115753174 1
0.4494955215401874 = 0.7708152386054029 @ 49708 79366.95528030396 1
0.2836626832614736 = 0.28292480196885944 @ 46166 74356.67395591736 1
0.2462786792375142 = 0.9486893125664468 @ 49466 79066.9538974762 1
0.09027067066796135 = 0.8510243884921885 @ 46570 74874.81617927551 1
0.0796997793485449 = 0.9999998284544727 @ 38786 63336.55142784119 1
0.3343472651866398 = 1.5524733370336914e-05 @ 28060 47227.05554962158 1
0.7415720704375688 = 0.05900733626873979 @ 41202 67050.9307384491 1
0.2462786793096646 = 0.9486893125664468 @ 35624 58625.43487548828 1
0.07970500435914199 = 0.9999997881422072 @ 49438 79031.95428848267 1
0.24627867962746416 = 0.9486893125664468 @ 29878 49846.19379043579 1
0.883186025213424 = 0.08824778576778662 @ 36050 59378.432512283325 1
0.6791657373854783 = 0.504111509545692 @ 46374 74618.81852149963 1
0.47236909076962164 = 0.5558897480182996 @ 45082 72788.8867855072 1
0.10456246453554358 = 0.4089455394250066 @ 26112 44203.33766937256 1
0.07969977950273437 = 0.9999998284544728 @ 43554 70463.139295578 1
0.09016041541072083 = 0.8538602240675504 @ 36774 60333.43720436096 1
0.35292819817895754 = 3.106455296563401e-06 @ 13510 23912.4698638916 1
0.0796997794506891 = 0.9999998284544727 @ 30518 50906.774282455444 1
0.09030020722111026 = 0.8502612975045404 @ 48318 77450.38723945618 1
0.07969977958854936 = 0.9999998284544728 @ 38868 63443.5510635376 1
0.8458242224623209 = 0.00408801552682661 @ 48414 77572.41988182068 1
0.4735217188562686 = 0.5372166716517004 @ 49106 78617.55871772766 1
0.4377526868112632 = 0.7065032379542312 @ 21352 36682.191610336304 1
0.2462786815416233 = 0.9486893125664428 @ 49908 79626.92451477051 1
0.44949553292682154 = 0.7708152386054674 @ 43202 70006.05082511902 1
0.5111136925334775 = 0.05573736434358004 @ 19476 33686.108350753784 1
0.4674756678611678 = 0.6302941216929275 @ 49712 79371.95324897766 1
0.44961220806974966 = 0.7708086967228303 @ 48342 77481.38999938965 1
0.4966440324221999 = 0.18002933200058882 @ 2856 3979.4974327087402 1
0.4596553386249953 = 0.7229380161920587 @ 38298 62708.52017402649 1
0.0796997795651031 = 0.9999998284544727 @ 44406 71736.71436309814 1
0.5389259343970949 = 0.0007751853428692712 @ 1000 21.004199981689453 1
0.4599283147206158 = 0.7204177408908542 @ 36456 59914.435148239136 1
0.23577007710189252 = 0.8631664129586756 @ 44130 71380.17177581787 1
0.4494955331403925 = 0.7708152386054674 @ 39602 64592.26584434509 1
0.4734142005163749 = 0.5389720395577914 @ 38702 63228.52301597595 1
0.24627867945349644 = 0.948689312566447 @ 30142 50395.771980285645 1
0.9029214083893238 = 0.18012664912571516 @ 37134 60991.97745323181 1
0.22920815596448246 = 0.7363570653070065 @ 49470 79071.9530582428 1
0.07969977991833552 = 0.9999998284544721 @ 49994 79736.95254325867 1
0.6872915628162087 = 0.4875347918466584 @ 45152 72879.91523742676 1
0.0926123302850071 = 0.7865077632560611 @ 49374 78952.95286178589 1
0.20983108795844918 = 0.27207841332098226 @ 49896 79610.95356941223 1
0.9889406856305443 = 0.051751670535506805 @ 33398 55296.92459106445 1
0.8835738446879693 = 0.08990099970414829 @ 47970 76828.82022857666 1
0.2462784511988462 = 0.948689312524862 @ 49288 78845.95441818237 1
0.6791655768466173 = 0.5041115095390293 @ 47400 76103.82199287415 1
0.9198120233918226 = 0.24007462833628035 @ 20994 35970.22199630737 1
0.44949553304041434 = 0.7708152386054675 @ 41480 67404.96253967285 1
0.44949554150542287 = 0.7708152386054337 @ 47026 75632.81846046448 1
0.9301528401553325 = 0.2516100812801636 @ 35094 57935.4350566864 1
0.6671918529121832 = 0.46830596584599454 @ 43650 70584.16676521301 1
0.6528273070751536 = 0.34975192176390324 @ 37294 61205.97696304321 1
0.07969885566665684 = 0.9999998271937854 @ 48904 78188.41767311096 1
0.079699779471158 = 0.9999998284544727 @ 28338 47598.05178642273 1
0.24627867941246834 = 0.9486893125664468 @ 38082 62420.55130004883 1
0.2864054692855238 = 0.2326656029971933 @ 49664 79312.95228004456 1
0.6539293992990567 = 0.36067726175670295 @ 46546 74842.82302856445 1
0.8101437503576362 = 1.9971453100380177e-08 @ 36714 60253.434896469116 1
0.23566867698162866 = 0.8615686405445288 @ 48688 77915.41767120361 1
0.6791658094558033 = 0.5041115095443899 @ 49946 79675.92191696167 1
0.6121473735597631 = 0.03116117914308585 @ 14194 25132.948637008667 1
0.07969977938648512 = 0.9999998284544727 @ 31862 52881.23154640198 1
0.7024219959705411 = 0.38291411848379414 @ 27798 46676.47910118103 1
0.07969977947821252 = 0.9999998284544728 @ 39958 65059.263467788696 1
0.22111083901586415 = 0.5388593859198308 @ 29700 49609.19499397278 1
0.4494955355518362 = 0.7708152386054642 @ 49416 79004.9524307251 1
0.449495532303663 = 0.7708152386054672 @ 48088 77157.36079216003 1
0.24627867932400482 = 0.9486893125664468 @ 34362 56767.43245124817 1
0.3343154284012225 = 1.5808607016252515e-05 @ 1000 21.004199981689453 1
0.07970439334780603 = 0.9999997970195109 @ 49210 78749.95255470276 1
0.2462786796642097 = 0.9486893125664468 @ 23848 40508.64791870117 1
0.07819065108266657 = 0.9966255506910578 @ 47702 76487.78557777405 1
0.04942740021913633 = 0.19030913514661854 @ 46796 75157.81903266907 1
0.24627867931855985 = 0.9486893125664468 @ 24454 41555.219888687134 1
0.07969977962706251 = 0.9999998284544728 @ 25898 43710.370779037476 1
0.6546300801793641 = 0.3675235347510752 @ 42214 68548.96354675293 1
0.9186491201052969 = 0.23739425061819952 @ 44066 71296.16975784302 1
0.0796997793666507 = 0.9999998284544727 @ 32640 54097.35441207886 1
0.7393676752785896 = 0.06955540293161688 @ 12480 22202.893018722534 1
0.07969977962531888 = 0.9999998284544728 @ 35116 57965.43312072754 1
0.44949553295338396 = 0.7708152386054674 @ 44648 72048.71439933777 1
0.24639646672726484 = 0.9486782412613946 @ 49766 79441.95294380188 1
0.6791658598660646 = 0.5041115095418979 @ 48026 77077.78811454773 1
0.6904051943061026 = 0.47288094908556877 @ 32474 53881.35313987732 1
0.4494955324906059 = 0.7708152386054673 @ 47896 76737.82086372375 1
0.24627867812747029 = 0.9486893125664454 @ 48464 77635.3874206543 1
0.07966548168880197 = 0.9999980910709163 @ 49062 78562.56127357483 1
0.2462786791133804 = 0.9486893125664467 @ 28456 47765.05470275879 1
0.06783224417408265 = 0.8033463676257844 @ 48604 77813.41814994812 1
0.6791657373596671 = 0.5041115095456922 @ 41566 67514.96291160583 1
0.07969979405059766 = 0.9999998284541644 @ 49256 78807.95240402222 1
0.23574198294011756 = 0.8627250312412447 @ 36746 60296.43487930298 1
0.44949553281504334 = 0.7708152386054674 @ 40606 66098.26374053955 1
0.0019286386625356438 = 0.04514260746184909 @ 34068 56379.89377975464 1
0.24627867939455356 = 0.9486893125664468 @ 23400 39895.64275741577 1
0.17223421224154845 = 0.0003749743934896091 @ 5298 9257.47799873352 1
0.6668140942006249 = 0.46608157723799976 @ 39328 64240.26346206665 1
0.07969977948347502 = 0.9999998284544728 @ 39118 63966.26114845276 1
0.43821813524295783 = 0.7113428906663417 @ 46810 75176.81646347046 1
0.06779890325383314 = 0.8023240196383771 @ 35606 58603.43408584595 1
0.0796997793502989 = 0.9999998284544727 @ 36726 60269.43397521973 1
0.24627867894684125 = 0.9486893125664465 @ 49868 79574.95832443237 1
0.02657797902023633 = 0.00022057137097335875 @ 1854 1905.0214290618896 1
0.4494955328340161 = 0.7708152386054675 @ 49358 78932.92450904846 1
0.24628319336480198 = 0.948689296304888 @ 49512 79121.95253372192 1
0.4494955327590814 = 0.7708152386054674 @ 36282 59688.43412399292 1
0.0907232656882741 = 0.8391775232318756 @ 47844 76670.81379890442 1
0.6010313004098123 = 0.008275076143632478 @ 32840 54367.32482910156 1
0.24627867946231902 = 0.9486893125664468 @ 29156 48889.05310630798 1
0.9445153912504467 = 0.23010185301758465 @ 36338 59762.433767318726 1
0.24627867923220842 = 0.9486893125664467 @ 39184 64054.26478385925 1
0.6676036239984315 = 0.4706612841310025 @ 48598 77805.41825294495 1
0.9418232597792678 = 0.23719461457793314 @ 36942 60552.43754386902 1
0.4043032152618609 = 0.18537123102640227 @ 6430 11333.50944519043 1
0.42727269104095644 = 0.5605922174609095 @ 43478 70366.17302894592 1
0.24627867921105934 = 0.9486893125664468 @ 34982 57588.438510894775 1
0.9301527018037716 = 0.25161008128117973 @ 20730 35610.2294921875 1
0.07969977966085443 = 0.9999998284544727 @ 30376 50709.742307662964 1
0.21256007872677418 = 0.3306947019817275 @ 48362 77505.42378425598 1
0.07969977951142494 = 0.9999998284544727 @ 25814 43597.37014770508 1
0.3319140088010064 = 5.394414038575202e-05 @ 31780 52771.201610565186 1
0.4731686963983085 = 0.542970278979797 @ 43738 70696.13909721375 1
0.25698529848525853 = 0.8619821305666419 @ 47698 76482.78570175171 1
0.5033025607455934 = 0.11107926744230194 @ 49706 79363.95263671875 1
0.3768489737353069 = 0.00884431301033217 @ 41146 66981.96268081665 1
0.17061369047121855 = 0.00019084389749355138 @ 5898 10196.510553359985 1
0.12018677218186062 = 0.08229447892211209 @ 49772 79449.95427131653 1
0.7765634061621876 = 0.0007298305266855217 @ 36970 60589.43271636963 1
0.989780792241685 = 0.04927175533127775 @ 36270 59672.43504524231 1
0.09036107614189695 = 0.8486842342914895 @ 35686 58703.42946052551 1
0.07969977961243108 = 0.9999998284544727 @ 31276 52111.92297935486 1
0.33324852772114066 = 2.8153849350130646e-05 @ 45870 73794.64626312256 1
0.24627867938268438 = 0.948689312566447 @ 40762 66301.38802528381 1
0.4494955330471052 = 0.7708152386054674 @ 40166 65519.26374435425 1
0.052122573321226946 = 0.26273209323381813 @ 42480 68889.54019546509 1
0.24627867950248522 = 0.9486893125664467 @ 37354 61284.94882583618 1
0.6467061477565159 = 0.2869272788993095 @ 40742 66275.3586769104 1
0.24627867929767439 = 0.9486893125664468 @ 21626 37061.224699020386 1
0.3059891132008404 = 0.031014803326015392 @ 38456 62911.55481338501 1
0.031096379356708153 = 0.0025077604115620253 @ 6528 11475.503921508789 1
0.4622938303770593 = 0.6962220193752651 @ 47924 76772.80163764954 1
0.4263166933003037 = 0.5446853994163121 @ 42628 69084.05327796936 1
0.7333245936711528 = 0.10459401921463063 @ 38456 62911.55481338501 1
0.6791657380286829 = 0.5041115095456922 @ 46374 74617.8183555603 1
0.419303590366237 = 0.42277539903288763 @ 43256 70077.05092430115 1
0.002332735336234483 = 0.037614857178870816 @ 36994 60619.40240859985 1
0.24627867930071773 = 0.9486893125664468 @ 35910 58996.432065963745 1
0.7772497696063598 = 0.0006332086369263221 @ 34580 57056.43320083618 1
0.06804103203952233 = 0.8097049720683002 @ 37510 61484.978675842285 1
0.25673507261923656 = 0.8658057552544786 @ 39640 64642.268896102905 1
0.07969977935731709 = 0.9999998284544727 @ 26488 44708.338022232056 1
0.46459013575893726 = 0.6689998646053845 @ 49614 79248.95215034485 1
0.8834893384728082 = 0.08953967610251115 @ 27852 46745.479583740234 1
0.2462794605010344 = 0.9486893120795847 @ 48636 77852.41985321045 1
0.4723975557190918 = 0.5554326973732726 @ 45744 73629.67133522034 1
0.1181711288465451 = 0.10731950471745234 @ 18852 32590.97385406494 1
0.24627868026757604 = 0.9486893125664462 @ 48178 77270.36762237549 1
0.24627861066993395 = 0.9486893125626696 @ 49830 79526.95369720459 1
0.23571149795866564 = 0.8622449589336526 @ 48216 77318.36342811584 1
0.23555185472574425 = 0.8597118087252323 @ 47130 75763.81659507751 1
0.24627867938228398 = 0.9486893125664468 @ 47856 76685.81652641296 1
0.24627867942070802 = 0.9486893125664468 @ 23348 39821.64478302002 1
0.21410610138360633 = 0.3660671765982032 @ 49354 78927.9522895813 1
0.24627867933396128 = 0.9486893125664468 @ 30898 51413.91921043396 1
0.24627867916423846 = 0.9486893125664467 @ 44610 72001.71494483948 1
0.2462784533906031 = 0.9486893125256567 @ 49978 79716.92156791687 1
0.07969977940464681 = 0.9999998284544727 @ 29546 49406.195402145386 1
0.24627867935921177 = 0.9486893125664467 @ 48948 78244.41766738892 1
0.09018187267682896 = 0.853309901936605 @ 49518 79129.95386123657 1
0.44949553229173433 = 0.7708152386054671 @ 41290 67162.93096542358 1
0.6791657357061349 = 0.5041115095456905 @ 46886 75272.78709411621 1
0.055562715977409055 = 0.3715197978924106 @ 21264 36559.19408798218 1
0.930151535863909 = 0.2516100811233263 @ 42620 69074.05066490173 1
0.07969977945129265 = 0.9999998284544727 @ 48930 78221.41766548157 1
0.07969977954243565 = 0.9999998284544728 @ 41656 67633.93068313599 1
0.24628073554007543 = 0.9486893091924995 @ 49780 79459.92231369019 1
0.07969977937365554 = 0.9999998284544727 @ 39182 64051.23543739319 1
0.07969973945960554 = 0.9999998284520915 @ 49592 79219.95258331299 1
0.6791657379821383 = 0.5041115095456922 @ 47256 75924.81827735901 1
0.43635328790816497 = 0.6909595318931541 @ 44394 71720.71433067322 1
0.19888679263802794 = 0.09837894662146082 @ 20026 34664.07799720764 1
0.6905439296195304 = 0.4721302627789787 @ 32514 53933.353900909424 1
0.8091580820601417 = 5.321426919212252e-09 @ 4218 7042.209625244141 1
0.07969977944839188 = 0.9999998284544727 @ 31560 52486.06252670288 1
0.47262110737768676 = 0.5518356284997512 @ 42016 68289.93129730225 1
0.9421075835176502 = 0.23650568083833504 @ 47688 76470.81685066223 1
0.44949553259991915 = 0.7708152386054675 @ 42364 68738.51251602173 1
0.0680803893929062 = 0.8108950816572555 @ 44450 71791.71442985535 1
0.24627867960567026 = 0.9486893125664468 @ 29652 49546.1950302124 1
0.2462786790533773 = 0.9486893125664467 @ 20878 35811.222553253174 1
0.44949553270190157 = 0.7708152386054674 @ 46826 75196.81763648987 1
0.0531825069279096 = 0.29447909384624205 @ 38612 63112.553358078 1
0.24627867952026078 = 0.9486893125664468 @ 38352 62777.55165100098 1
0.4494955331562084 = 0.7708152386054676 @ 35050 57875.43320655823 1
0.24627867949188997 = 0.9486893125664468 @ 49112 78624.55773353577 1
0.07970226273661056 = 0.9999998193488961 @ 49600 79230.95321655273 1
0.44949553278935417 = 0.7708152386054673 @ 49662 79309.95535850525 1
0.4215356509404093 = 0.46208587185866284 @ 42300 68655.54165840149 1
0.44949553295951544 = 0.7708152386054675 @ 45764 73655.67469596863 1
0.07969977949213505 = 0.9999998284544727 @ 28546 47887.05110549927 1
0.24627867934806655 = 0.9486893125664467 @ 48084 77152.3609161377 1
0.4494955328005241 = 0.7708152386054673 @ 46730 75072.81112670898 1
0.07969977902834954 = 0.9999998284544722 @ 49720 79381.92391395569 1
0.4306895109508103 = 0.6146909648330641 @ 49894 79607.95617103577 1
0.07969979785131343 = 0.9999998284539809 @ 49188 78720.95370292664 1
0.6791657386627937 = 0.5041115095456922 @ 41086 66903.38897705078 1
0.24627867931635639 = 0.9486893125664468 @ 34786 57331.40158653259 1
0.07456958859993729 = 0.9611751365135915 @ 49318 78883.92519950867 1
0.24627867935739295 = 0.9486893125664467 @ 37446 61403.97834777832 1
0.09020181541858086 = 0.8527977401727159 @ 49756 79427.95276641846 1
0.6797308663233834 = 0.5040297586532018 @ 49904 79621.95253372192 1
0.24627867928847352 = 0.9486893125664468 @ 37700 61729.94661331177 1
0.6791662190299574 = 0.5041115094864731 @ 48934 78226.41777992249 1
0.1338713504050921 = 0.00678055033706643 @ 42138 68450.96135139465 1
0.46003308924333014 = 0.7194349762323476 @ 49822 79516.95370674133 1
0.07969977936658813 = 0.9999998284544726 @ 36698 60232.43522644043 1
0.42556428611467156 = 0.5319817066749781 @ 47220 75881.81805610657 1
0.24627867945487802 = 0.9486893125664468 @ 46828 75198.81939888 1
0.9008388460974264 = 0.17052657423764045 @ 21218 36496.222257614136 1
0.24627867931728692 = 0.9486893125664468 @ 44308 71608.16860198975 1
0.2462815417357183 = 0.9486893060279041 @ 47822 76641.81661605835 1
0.529155647171659 = 0.005514617025125653 @ 34814 57368.40271949768 1
0.2357541813260025 = 0.8629168002926769 @ 37378 61316.978931427 1
0.2462786792952263 = 0.9486893125664468 @ 33386 55281.352519989014 1
0.21978372314978573 = 0.5052235653783399 @ 46226 74431.81872367859 1
0.66739273141683 = 0.4694640812240154 @ 48366 77510.41960716248 1
0.9413160667292445 = 0.23838703491484278 @ 1000 21.004199981689453 1
0.67911320987731 = 0.5041108029323931 @ 47902 76745.81694602966 1
0.10418440024020563 = 0.4203360881609215 @ 7488 13237.63918876648 1
0.4965789415189856 = 0.180804526318982 @ 49252 78802.96015739441 1
0.07969977915718762 = 0.999999828454472 @ 49744 79412.92190551758 1
0.07969977952947518 = 0.9999998284544727 @ 32324 53684.35287475586 1
0.43769768082847793 = 0.705920187930103 @ 45828 73739.67385292053 1
0.4373270928697962 = 0.7019316210248183 @ 45194 72934.88669395447 1
0.053676003550804985 = 0.30983190369897634 @ 46252 74463.8180732727 1
0.07969977948516589 = 0.9999998284544727 @ 29604 49483.19602012634 1
0.06811456079520711 = 0.8119261600593399 @ 46876 75260.81800460815 1
0.9301507589461111 = 0.25161008085295905 @ 46552 74850.82054138184 1
0.45975321915913475 = 0.7220410299839708 @ 48818 78079.41818237305 1
0.07969977955761388 = 0.9999998284544728 @ 36376 59811.43283843994 1
0.706596631614004 = 0.3434011569929296 @ 39304 64210.26349067688 1
0.8837026706949151 = 0.0904529744246547 @ 48882 78161.42344474792 1
0.07969977943026978 = 0.9999998284544727 @ 48640 77857.38825798035 1
0.2462786794686956 = 0.9486893125664467 @ 33604 55567.925691604614 1
0.4190644296720339 = 0.41856829805222867 @ 8620 15290.737390518188 1
0.079699779392332 = 0.9999998284544727 @ 29552 49414.1948223114 1
0.6527790716571495 = 0.3492697647886141 @ 49648 79291.95237159729 1
0.0796997795780243 = 0.9999998284544728 @ 35962 59064.401626586914 1
0.9301455179621358 = 0.25161007557759685 @ 39962 65066.26343727112 1
0.46004985560853273 = 0.7192769210021311 @ 33700 55695.924520492554 1
0.090274998389449 = 0.8509126689625273 @ 48432 77595.4201221466 1
0.43720340861337426 = 0.7005771969231379 @ 41710 67703.96280288696 1
0.07946064884060164 = 0.9999153211944737 @ 49898 79613.95478248596 1
0.07969977957855398 = 0.9999998284544727 @ 25360 42986.37008666992 1
0.24627867931800346 = 0.9486893125664468 @ 36532 60012.43853569031 1
0.496349313300726 = 0.18355458012145712 @ 43890 70889.17064666748 1
0.07969977955166624 = 0.9999998284544727 @ 49462 79061.95378303528 1
0.437487452488204 = 0.7036704068176752 @ 42606 69055.05204200745 1
0.6791657382021864 = 0.5041115095456922 @ 39106 63948.2638835907 1
0.24627867937710665 = 0.9486893125664468 @ 25802 43582.37075805664 1
0.6538539028489014 = 0.35993473444745144 @ 20990 35964.21456336975 1
0.7760987712330537 = 0.0008018246155631371 @ 41308 67185.96148490906 1
0.23577146513625546 = 0.8631881941909131 @ 26036 44101.36604309082 1
0.1351547371801758 = 0.004922942303367753 @ 32410 53796.35405540466 1
0.9880586547521896 = 0.05443512429858018 @ 13898 24453.467845916748 1
0.05203065949781125 = 0.260061530515007 @ 43144 69932.05094337463 1
0.6791657854231918 = 0.5041115095451197 @ 48114 77190.33288955688 1
0.08011496179929772 = 0.9997456268624596 @ 48734 77973.41799736023 1
0.6791657379363596 = 0.5041115095456922 @ 43936 70949.16701316833 1
0.07969977938765509 = 0.9999998284544727 @ 34526 56985.43286323547 1
0.06790743660106982 = 0.8056450359885324 @ 39906 64992.2616481781 1
0.4375233199603743 = 0.7040566400040756 @ 47626 76388.81802558899 1
0.5497626048103038 = 2.2607386460533316e-05 @ 49232 78776.95226669312 1
0.43858566851123265 = 0.715044205787338 @ 48276 77397.38941192627 1
0.9181078721180275 = 0.23605839677551535 @ 36856 60441.404581069946 1
0.8685821240091844 = 0.037334576933395536 @ 32036 53312.352895736694 1
0.026281040346628766 = 0.0001789769839167862 @ 34672 57182.40427970886 1
0.9301527460289032 = 0.2516100812813103 @ 42990 69551.02300643921 1
