29.819841790118 = 185.58734320944012 @ 42908 198.15152764320374 1
0.7074239918837777 = 143.4060806492978 @ 1000 0.016000986099243164 1
22.48964266491896 = 159.66856527740674 @ 48238 217.52781438827515 1
0.0017734015604223311 = 199.85812787516622 @ 49910 222.21128845214844 1
22.50000000000005 = 159.9999999999984 @ 35930 171.77376914024353 1
5.307323113697104 = 140.33132072338532 @ 3780 22.207128047943115 1
0.3708994588082144 = 170.32804329534287 @ 47558 214.79661774635315 1
0.6698762098891189 = 146.4099032088705 @ 19500 106.77610349655151 1
0.26730003617777776 = 178.61599710577778 @ 45128 207.16302394866943 1
12.523276427269426 = 139.34826003645605 @ 45976 208.85445857048035 1
4.720259170282963 = 142.09658689810965 @ 41796 194.25844955444336 1
4.860880580715618 = 151.09635716579953 @ 48312 217.6983277797699 1
4.965543205057564 = 157.7947651236841 @ 46146 210.65269708633423 1
0.08453731568536799 = 193.23701474517054 @ 49610 221.60129046440125 1
29.875847185314015 = 190.0677748251212 @ 45328 207.57105374336243 1
4.939136343694191 = 156.10472599642821 @ 38820 183.3655207157135 1
29.177230520435025 = 134.17844163480197 @ 1000 0.016000986099243164 1
0.0017909957973324593 = 199.8567203362134 @ 49294 220.9847264289856 1
22.211548899512255 = 150.76956478439217 @ 36776 175.43282270431519 1
0.1843913004714679 = 185.24869596228257 @ 47690 215.0446183681488 1
4.964108633510138 = 157.70295254464884 @ 49830 222.0362901687622 1
12.612881109626404 = 136.83932893046068 @ 40018 189.04455256462097 1
5.061741870539384 = 156.0485202854794 @ 37312 178.32490348815918 1
22.87632542984936 = 147.9575862448205 @ 33594 163.12842226028442 1
4.999999999952629 = 159.99999999696826 @ 49096 220.599750995636 1
29.602052916626555 = 168.16423333012438 @ 48096 217.2438144683838 1
0.22611090318497795 = 181.91112774520178 @ 42068 196.3745150566101 1
0.4633533368684132 = 162.93173305052693 @ 47486 214.67861700057983 1
23.0787657734667 = 141.47949524906562 @ 43866 201.62090420722961 1
22.510750411343466 = 159.6559868370091 @ 47932 215.50361895561218 1
22.408355849287886 = 157.06738717721237 @ 49944 222.2762894630432 1
12.502326693881084 = 139.93485257132966 @ 49436 221.26572847366333 1
22.17794349544878 = 149.69419185436095 @ 39202 185.78309750556946 1
14.833081601375092 = 74.67371516149743 @ 1000 0.016000986099243164 1
21.396006670826516 = 124.67221346644851 @ 5200 34.300596952438354 1
14.02445621412892 = 97.31522600439024 @ 23218 123.08088088035583 1
22.406209780946458 = 156.99871299028666 @ 49684 221.73328948020935 1
23.133212884102708 = 139.73718770871335 @ 48372 217.8003270626068 1
29.164467882724004 = 133.15743061792034 @ 2456 13.093029260635376 1
0.538238610312064 = 156.94091117503487 @ 42850 198.01047945022583 1
12.794288620614742 = 131.75991862278724 @ 36818 175.50985193252563 1
12.292288847878044 = 134.18408774058526 @ 41484 193.6263599395752 1
29.93880243741954 = 195.10419499356317 @ 48466 217.98436069488525 1
12.575710039774819 = 137.88011888630507 @ 46122 210.6066677570343 1
5.98251024948759 = 97.11934403279423 @ 7628 47.9358971118927 1
4.5204097062043616 = 129.30622119707914 @ 12312 74.39794921875 1
29.909056607270493 = 192.72452858163945 @ 49912 222.2153193950653 1
24.161351107779144 = 106.8367645510674 @ 1000 0.016000986099243164 1
12.341776382244987 = 135.56973870285964 @ 48198 217.45181441307068 1
22.3425179743891 = 154.9605751804512 @ 48674 218.37236762046814 1
28.35965819207358 = 68.77265536588652 @ 1000 0.016000986099243164 1
22.710839037032883 = 153.25315081494773 @ 46966 212.24209713935852 1
24.152946780831645 = 107.10570301338737 @ 47650 214.97561812400818 1
0.0017635162719265053 = 199.85891869824587 @ 47576 214.82664847373962 1
21.88103361132212 = 140.19307556230785 @ 48078 217.21327376365662 1
4.575826165631301 = 132.85287460040325 @ 36250 174.32181787490845 1
0.06670266001892661 = 194.6637871984859 @ 49040 220.49475049972534 1
23.16518686083313 = 138.7140204533398 @ 21074 114.28219604492188 1
12.56590781531056 = 138.15458117130433 @ 48908 218.81672549247742 1
29.695963508802976 = 175.67708070423805 @ 44650 204.72400093078613 1
23.433216273064325 = 130.1370792619416 @ 38630 182.92739963531494 1
29.377981675595223 = 150.2385340476178 @ 46324 210.99900817871094 1
21.71843432161848 = 134.9898982917914 @ 43428 200.67936873435974 1
3.8622894574764057 = 87.18652527848997 @ 44440 204.26003313064575 1
22.292744629110963 = 153.36782813155082 @ 32858 159.5363655090332 1
0.37035484497433546 = 170.37161240205313 @ 46282 210.91600894927979 1
17.584241686175133 = 2.6957339576042614 @ 1000 0.016000986099243164 1
0.15395645722011797 = 187.68348342239057 @ 43950 201.79290413856506 1
28.428449239690018 = 74.27593917520142 @ 38020 181.50840592384338 1
21.99029072817607 = 143.68930330163425 @ 9020 57.81078219413757 1
21.05059318183379 = 113.61898181868128 @ 10428 64.3026556968689 1
22.25279625134295 = 152.0894800429744 @ 10730 65.1066300868988 1
0.1313658606119823 = 189.49073115104142 @ 16948 94.77236413955688 1
29.3782602488321 = 150.26081990656792 @ 20156 110.28549981117249 1
22.65831358836449 = 154.93396517233634 @ 40940 191.0087606906891 1
29.602029955932284 = 168.16239647458275 @ 47086 213.90056037902832 1
22.41335778663929 = 157.22744917245723 @ 47848 215.34161686897278 1
0.47860867376739824 = 161.71130609860813 @ 2628 13.923560857772827 1
4.987961843659064 = 159.22955799418008 @ 49082 220.57372951507568 1
0.0825923890571674 = 193.39260887542662 @ 49312 221.02372646331787 1
10.584172133698422 = 86.3568197435558 @ 6572 41.812378883361816 1
29.938783230919277 = 195.1026584735422 @ 49184 220.75775575637817 1
22.363889993329366 = 155.6444797865397 @ 47328 214.36264419555664 1
0.24540008555942683 = 180.36799315524587 @ 46638 211.58207178115845 1
4.443306006059858 = 124.37158438783092 @ 1000 0.016000986099243164 1
11.40033845642755 = 109.2094767799714 @ 4908 30.110220909118652 1
22.428166349634743 = 157.7013231883118 @ 47638 214.9526171684265 1
14.666814064632145 = 79.32920619029993 @ 6820 42.55397963523865 1
0.653048688812282 = 147.75610489501744 @ 28890 143.93474650382996 1
21.990097952777486 = 143.68313448887955 @ 44330 204.0260043144226 1
0.6713993899147106 = 146.28804880682316 @ 37844 179.4714071750641 1
0.4988658398876726 = 160.0907328089862 @ 48722 218.46238780021667 1
29.658373852549577 = 172.66990820396614 @ 37370 178.4629008769989 1
0.08577181576249313 = 193.13825473900056 @ 43440 200.714369058609 1
21.4647722026269 = 126.8727104840608 @ 1000 0.016000986099243164 1
22.26670596278977 = 152.5345908092727 @ 14396 84.14276599884033 1
22.094382740536293 = 147.02024769716138 @ 37002 177.5649013519287 1
29.910215025326515 = 192.8172020261212 @ 49858 222.09828877449036 1
23.01618727822893 = 143.48200709667424 @ 12550 75.00793170928955 1
0.2941722405255026 = 176.46622075795977 @ 47000 212.3051197528839 1
29.745736324546904 = 179.65890596375232 @ 43596 201.04987287521362 1
29.874292289102158 = 189.94338312817263 @ 49902 222.19632244110107 1
29.937575268074156 = 195.00602144593245 @ 49084 220.57675647735596 1
5.040304734278143 = 157.42049700619884 @ 43710 201.28090596199036 1
11.97074550446963 = 125.18087412514963 @ 22518 119.49030900001526 1
22.52295580550407 = 159.2654142238698 @ 49874 222.1272885799408 1
29.25155090688021 = 140.12407255041694 @ 13928 80.62867975234985 1
12.43308309690289 = 138.1263267132809 @ 46118 210.59966564178467 1
0.3891591385669573 = 168.86726891464343 @ 47480 214.6666169166565 1
22.921449017201 = 146.51363144956804 @ 3782 22.23412847518921 1
0.1906910579343556 = 184.74471536525155 @ 48824 218.66372799873352 1
29.982327825154616 = 198.5862260123693 @ 49698 221.7772912979126 1
29.78811744514297 = 183.04939561143755 @ 48720 218.45339584350586 1
0.06726588740928136 = 194.61872900725749 @ 48940 218.8737256526947 1
4.592574705754587 = 133.92478116829358 @ 46052 210.46269845962524 1
21.652966251651147 = 132.8949200528367 @ 1000 0.016000986099243164 1
5.040286147447746 = 157.42168656334428 @ 35328 170.47680735588074 1
12.575488253464421 = 137.8863289029962 @ 6520 41.65138030052185 1
29.998707445374247 = 199.89659562993978 @ 49888 222.1512897014618 1
19.789456521147123 = 73.26260867670794 @ 1000 0.016000986099243164 1
12.498747880091623 = 139.96494064256544 @ 48818 218.65475726127625 1
0.02628903975692105 = 197.8968768194463 @ 48470 217.99032855033875 1
22.4894526990892 = 159.66248637085437 @ 44260 203.89702939987183 1
29.910329649966265 = 192.82637199730118 @ 49748 221.87129020690918 1
29.847599944537176 = 187.8079955629741 @ 46300 210.95101046562195 1
29.523387504562997 = 161.87100036503978 @ 49422 221.24275088310242 1
5.336360184605896 = 138.47294818522266 @ 7692 48.099895000457764 1
6.337621370126973 = 74.39223231187373 @ 46004 210.37891030311584 1
4.55259595960566 = 131.36614141476224 @ 1000 0.016000986099243164 1
22.50000000000004 = 159.99999999999875 @ 36238 174.3027904033661 1
0.37024875580531713 = 170.38009953557463 @ 29612 147.2237241268158 1
22.636701837776585 = 155.6255411911493 @ 37416 178.56090140342712 1
24.293446689023853 = 102.60970595123672 @ 1000 0.016000986099243164 1
22.588791255996412 = 157.1586798081148 @ 49618 221.61429166793823 1
0.0669250750443758 = 194.64599399644993 @ 49644 221.6662881374359 1
0.5511571225769334 = 155.90743019384533 @ 41004 192.7223653793335 1
29.763697944294293 = 181.09583554354344 @ 47808 215.26064896583557 1
4.897888753286309 = 153.46488021032377 @ 31980 155.8125557899475 1
6.060166435691923 = 92.14934811571692 @ 1210 4.488771677017212 1
5.203409974869222 = 146.98176160836977 @ 49812 221.9972882270813 1
22.536896771004198 = 158.81930332786567 @ 44916 205.25303196907043 1
11.614562495411517 = 115.20774987152248 @ 13918 80.6056456565857 1
0.43971807476552716 = 164.82255401875784 @ 1628 6.217304468154907 1
12.21421056333442 = 131.99789577336378 @ 41622 193.8998498916626 1
29.034987750860182 = 122.79902006881457 @ 6786 42.46598196029663 1
29.657809585206984 = 172.6247668165587 @ 43220 200.2833993434906 1
22.500000000000057 = 159.99999999999818 @ 36828 175.53382396697998 1
12.255730598394194 = 133.16045675503744 @ 43962 201.81090378761292 1
12.340651710348556 = 135.5382478897596 @ 49514 221.418288230896 1
3.990413459893391 = 95.38646143317703 @ 20094 110.15746831893921 1
0.3485358763427153 = 172.11712989258277 @ 45216 207.34202408790588 1
4.9876539474685115 = 159.20985263798474 @ 48716 218.44839215278625 1
22.36292459980647 = 155.613587193807 @ 49170 220.73272895812988 1
0.7587622109133472 = 139.29902312693224 @ 2872 15.061562299728394 1
5.140755739860843 = 150.99163264890603 @ 44810 205.0500009059906 1
22.580770858291498 = 157.41533253467207 @ 49834 222.04529094696045 1
23.23248192265055 = 136.5605784751824 @ 47156 214.03455996513367 1
4.86255473558183 = 151.20350307723714 @ 44798 205.02700209617615 1
22.554681237617977 = 158.25020039622473 @ 49712 221.80629062652588 1
21.2010054365992 = 118.4321739711744 @ 24590 127.83068561553955 1
29.733321654673478 = 178.66573237387826 @ 42726 197.75981736183167 1
4.865421210409634 = 151.3869574662166 @ 47540 214.7626175880432 1
29.846326031881528 = 187.70608255052224 @ 49600 221.5853190422058 1
22.963975178440045 = 145.15279428991857 @ 17734 98.65768551826477 1
12.700218271612368 = 134.39388839485372 @ 30182 150.2229242324829 1
12.932114933819493 = 127.90078185305418 @ 10672 64.93662881851196 1
22.444687182234837 = 158.22998983151479 @ 44902 205.22803211212158 1
12.700596028914363 = 134.38331119039782 @ 48892 218.78875875473022 1
29.874576076200654 = 189.96608609605232 @ 49824 222.02229118347168 1
4.985174085251034 = 159.05114145606615 @ 45994 208.8844575881958 1
12.600272696315056 = 137.19236450317845 @ 35454 170.74676823616028 1
22.342539257182572 = 154.96125622984232 @ 37584 178.91690301895142 1
4.9659951466450964 = 157.82368938528617 @ 30296 150.42846775054932 1
1.2272623119054051 = 101.81901504756759 @ 10618 64.79266047477722 1
12.183655839702485 = 131.1423635116696 @ 49282 220.96072483062744 1
29.908598430732688 = 192.68787445861506 @ 48702 218.41939687728882 1
29.542626839040636 = 163.4101471232509 @ 40278 189.58458471298218 1
5.0753149507773685 = 155.17984315024842 @ 45636 208.18392133712769 1
29.910981941636898 = 192.87855533095183 @ 48296 217.67137360572815 1
0.5096323812383319 = 159.22940950093346 @ 1000 0.016000986099243164 1
12.270813908820223 = 133.58278944696625 @ 44598 204.61000084877014 1
22.489422595220873 = 159.66152304706793 @ 49926 222.245290517807 1
22.608675034157805 = 156.52239890695023 @ 47348 214.4016191959381 1
23.570812915578465 = 125.73398670148913 @ 18348 102.20002388954163 1
0.001762536087350386 = 199.85899711301198 @ 19554 106.89512205123901 1
24.275487490847436 = 103.18440029288206 @ 7474 47.4748969078064 1
0.5535771664867942 = 155.71382668105645 @ 18154 101.72702431678772 1
4.657074875630811 = 138.0527920403719 @ 7904 48.729403257369995 1
29.90984378044641 = 192.78750243571267 @ 48882 218.76772809028625 1
22.500000000000018 = 159.99999999999943 @ 32464 158.67006731033325 1
0.3973852060596519 = 168.20918351522783 @ 47662 214.9986503124237 1
1.015345126471082 = 118.77238988231343 @ 3310 20.23958683013916 1
1.7023301537279234 = 63.813587701766124 @ 3426 20.702587366104126 1
0.3061545292426988 = 175.5076376605841 @ 47038 213.81155729293823 1
12.175952690851098 = 130.92667534383074 @ 23502 123.67174196243286 1
4.9999999999575895 = 159.99999999728573 @ 47924 215.48764562606812 1
12.575492667096158 = 137.88620532130756 @ 49012 220.43372869491577 1
4.964994878205341 = 157.75967220514184 @ 49520 221.43132066726685 1
22.625668497776612 = 155.97860807114841 @ 28934 144.00974941253662 1
0.0017827520470910128 = 199.8573798362327 @ 49804 221.98429012298584 1
4.134410102707585 = 104.60224657328541 @ 27194 138.84154272079468 1
22.562969101927628 = 157.9849887383159 @ 48968 218.91575574874878 1
29.93889560661756 = 195.11164852940482 @ 29256 146.57382798194885 1
0.22961999535477146 = 181.6304003716183 @ 49580 221.54828906059265 1
0.6572251747131928 = 147.42198602294457 @ 48476 217.99932837486267 1
3.73546423802335 = 79.06971123349439 @ 6766 42.40095567703247 1
13.158233065855418 = 121.5694741560483 @ 40108 189.23158359527588 1
5.48752296988647 = 128.79852992726592 @ 1166 4.294804334640503 1
22.500000000000036 = 159.99999999999886 @ 34406 166.61709094047546 1
1.4613232297438696 = 83.09414162049043 @ 20132 110.2424693107605 1
22.49999976904592 = 159.99999260946947 @ 49952 222.29229259490967 1
29.7034791970601 = 176.2783357648081 @ 46410 211.16004467010498 1
22.428845432345135 = 157.7230538350443 @ 46132 210.62770080566406 1
0.5737343514845286 = 154.10125188123772 @ 39204 185.78609442710876 1
22.374092437479952 = 155.97095799935846 @ 44536 204.46000289916992 1
12.734048449244932 = 133.44664342114189 @ 25622 131.85920429229736 1
12.430799954157676 = 138.06239871641492 @ 48120 217.30081462860107 1
0.026422354365772283 = 197.8862116507382 @ 44154 203.6860272884369 1
29.396019747513034 = 151.6815798010427 @ 44566 204.52100372314453 1
25.695546757658043 = 57.74250375494262 @ 3144 19.586747646331787 1
4.987638011824598 = 159.20883275677426 @ 48486 218.01934957504272 1
23.095977664559 = 140.92871473411196 @ 39948 187.34892177581787 1
29.907394556207304 = 192.59156449658434 @ 49536 221.46328949928284 1
12.50217034757063 = 139.93923026802236 @ 49496 221.38631987571716 1
21.442875836207296 = 126.17202675863348 @ 43128 200.1053695678711 1
1.5547427262942193 = 75.62058189646245 @ 1000 0.016000986099243164 1
29.999453589533317 = 199.95628716266538 @ 49760 221.89329147338867 1
22.510618719186496 = 159.66020098603212 @ 49304 221.00575828552246 1
13.421625461111464 = 114.194487088879 @ 39696 186.82624673843384 1
0.10421185373765124 = 191.66305170098792 @ 46166 210.69169688224792 1
12.865840883214446 = 129.7564552699955 @ 49124 220.6497266292572 1
0.10464852952864669 = 191.62811763770827 @ 41522 193.70784854888916 1
15.138353632832468 = 66.12609828069091 @ 6598 41.90938115119934 1
22.890158125240177 = 147.51493999231434 @ 48768 218.55136585235596 1
22.638182860707047 = 155.57814845737448 @ 48242 217.54081439971924 1
4.98952936059585 = 159.3298790781344 @ 42696 197.6958179473877 1
5.864209944278542 = 104.6905635661733 @ 29264 146.5868628025055 1
12.081633503038525 = 128.2857380850787 @ 12922 75.89493465423584 1
12.4878066626606 = 139.65858655449676 @ 49208 220.8037257194519 1
0.6335326417541858 = 149.31738865966514 @ 7770 48.335896492004395 1
0.16941163676432325 = 186.44706905885414 @ 29882 147.71824193000793 1
12.892768769492726 = 129.00247445420368 @ 19186 106.09913444519043 1
5.057905416156976 = 156.29405336595352 @ 48346 217.7573254108429 1
4.845721125258178 = 150.1261520165234 @ 49022 220.45675706863403 1
12.488691774589832 = 139.68336968851528 @ 35926 171.76576805114746 1
6.553629073338775 = 60.5677393063184 @ 1000 0.016000986099243164 1
22.11671852486115 = 147.73499279555676 @ 8012 52.000922441482544 1
11.982590655798978 = 125.51253836237137 @ 3298 20.18261957168579 1
28.47326729848045 = 77.86138387843607 @ 1000 0.016000986099243164 1
23.327838785006602 = 133.50915887978874 @ 12914 75.879962682724 1
0.5382391134059172 = 156.94087092752662 @ 49242 220.8747580051422 1
0.13139078927977788 = 189.48873685761777 @ 41168 193.03233814239502 1
29.938768506959523 = 195.10148055676183 @ 48002 217.07024216651917 1
22.536923727310196 = 158.81844072607373 @ 47512 214.71861863136292 1
0.19346712539824013 = 184.5226299681408 @ 49132 220.66972875595093 1
29.696129943559708 = 175.69039548477662 @ 45744 208.39594531059265 1
22.05700584606413 = 145.82418707405213 @ 25962 132.5062050819397 1
29.512373975726554 = 160.98991805812432 @ 46968 212.2451229095459 1
13.280559788303023 = 118.14432592751535 @ 30224 150.2999210357666 1
23.79691429723826 = 118.49874248837568 @ 4034 26.811107873916626 1
0.1986722379482821 = 184.10622096413744 @ 48584 218.19932627677917 1
10.744224715199199 = 90.83829202557756 @ 5450 35.18018674850464 1
0.18908319055395428 = 184.87334475568366 @ 48546 218.13532710075378 1
12.561256376990219 = 138.28482144427386 @ 49430 221.2567253112793 1
0.1898518822892839 = 184.81184941685729 @ 48822 218.66072845458984 1
0.0017629521291519083 = 199.85896382966786 @ 49692 221.75429034233093 1
0.41713795117433977 = 166.62896390605283 @ 47446 214.5876441001892 1
19.130533703528712 = 52.1770785129188 @ 31904 155.6545853614807 1
29.938785141692286 = 195.10281133538285 @ 48202 217.46181511878967 1
21.217327797140694 = 118.9544895085022 @ 27584 139.552570104599 1
9.118221497863594 = 45.31020194018063 @ 19840 107.49315309524536 1
22.489254730299955 = 159.65615136959855 @ 44884 205.2000286579132 1
0.29046573047971513 = 176.7627415616228 @ 42932 198.19453597068787 1
29.99941004468185 = 199.9528035745479 @ 49324 221.04772782325745 1
0.2280299060948343 = 181.75760751241327 @ 48158 217.36781358718872 1
23.263541415936444 = 135.56667469003378 @ 4558 28.76221537590027 1
0.08191461819650052 = 193.44683054427998 @ 40694 190.44467568397522 1
0.24695768800787665 = 180.24338495936988 @ 50000 222.38831567764282 1
4.734731187286435 = 143.02279598633186 @ 26142 134.82491636276245 1
4.766107208693684 = 145.0308613563958 @ 13946 80.68564462661743 1
22.500000000000007 = 159.99999999999977 @ 43144 200.1343674659729 1
20.0049642947996 = 80.15885743358717 @ 4898 30.086220741271973 1
12.560849597069177 = 138.29621128206304 @ 22228 118.85179567337036 1
29.97785143354564 = 198.2281146836513 @ 49382 221.1687273979187 1
28.96273106161348 = 117.01848492907828 @ 1668 6.419304370880127 1
22.907713721729966 = 146.9531609046411 @ 41000 191.13233709335327 1
29.845045303859198 = 187.60362430873585 @ 48698 218.4113974571228 1
0.4633109374568436 = 162.93512500345253 @ 37928 179.62043642997742 1
19.716058806329286 = 70.91388180253716 @ 44772 204.9730031490326 1
4.048007784047574 = 99.07249817904471 @ 4116 27.104106664657593 1
5.037862579968276 = 157.57679488203036 @ 46786 211.88705587387085 1
12.212876078542063 = 131.96053019917775 @ 47678 215.02361917495728 1
23.313465583943096 = 133.96910131382094 @ 19790 107.39212346076965 1
12.448441960964235 = 138.5563749069986 @ 43684 201.22890496253967 1
5.163501953691539 = 149.5358749637415 @ 38992 183.7385494709015 1
0.28032874339977276 = 177.57370052801818 @ 36066 173.9187867641449 1
29.380377116961675 = 150.43016935693402 @ 5656 35.85514497756958 1
1.2670719646161765 = 98.63424283070587 @ 1000 0.016000986099243164 1
12.500908608303112 = 139.97455896751288 @ 49424 221.2457287311554 1
29.961245050766863 = 196.899604061349 @ 49832 222.0402901172638 1
22.499992970780134 = 159.9997750649643 @ 49646 221.6692886352539 1
3.189758568889398 = 44.14454840892148 @ 1000 0.016000986099243164 1
22.500000000000064 = 159.99999999999795 @ 49328 221.06172513961792 1
4.869026836590367 = 151.61771754178346 @ 38306 182.18196368217468 1
0.02438088055813397 = 198.0495295553493 @ 45234 207.38204836845398 1
29.925463937390113 = 194.03711499120902 @ 44790 205.011004447937 1
5.098158495946819 = 153.71785625940356 @ 46670 211.63604640960693 1
5.123719510545176 = 152.08195132510872 @ 19386 106.54010343551636 1
29.628844323951633 = 170.3075459161306 @ 42038 196.30951642990112 1
26.920755970468193 = 18.535808945017834 @ 1000 0.016000986099243164 1
9.896917976241419 = 67.11370333475972 @ 4272 27.662615537643433 1
0.06707712823297363 = 194.6338297413621 @ 47102 213.93458724021912 1
12.37636274479307 = 136.53815685420597 @ 37658 179.08343362808228 1
12.035752030967522 = 127.00105686709063 @ 48224 217.50181317329407 1
29.842713529538358 = 187.41708236306863 @ 49868 222.11628937721252 1
29.540841589499617 = 163.2673271599694 @ 49080 220.5707564353943 1
22.548515273674887 = 158.4475112424036 @ 47316 214.3406479358673 1
12.430031949346187 = 138.04089458169324 @ 48286 217.6508150100708 1
26.63585888502856 = 27.652515679086036 @ 1000 0.016000986099243164 1
0.02579496586260681 = 197.93640273099146 @ 48608 218.24435091018677 1
0.17262236901347094 = 186.19021047892232 @ 43034 199.90339827537537 1
29.520751829160428 = 161.66014633283424 @ 49246 220.88375806808472 1
0.0017632578501396833 = 199.8589393719888 @ 49672 221.71228861808777 1
22.769613386924195 = 151.37237161842575 @ 35534 170.92577075958252 1
0.5897109518904112 = 152.82312384876712 @ 38952 183.64554595947266 1
4.916768203764259 = 154.67316504091258 @ 41100 192.89836502075195 1
12.592409751176373 = 137.41252696706158 @ 49340 221.08976197242737 1
0.02756921286877802 = 197.79446297049776 @ 49956 222.30128931999207 1
0.0017631042364889015 = 199.8589516610809 @ 49758 221.89032220840454 1
21.91294625522442 = 141.2142801671814 @ 32524 158.8070375919342 1
12.315300600503736 = 134.82841681410463 @ 9808 60.01799917221069 1
5.059582155827919 = 156.18674202701317 @ 49726 221.83328914642334 1
29.875293902845016 = 190.02351222760126 @ 49492 221.37331366539001 1
22.489800053667455 = 159.67360171735857 @ 46356 211.06300973892212 1
0.11677624616829052 = 190.65790030653676 @ 42680 197.6648187637329 1
22.409728873808092 = 157.11132396185894 @ 48178 217.4088158607483 1
14.203035653619072 = 92.315001698666 @ 1608 6.131304979324341 1
22.90303341222456 = 147.1029308088141 @ 49584 221.55829119682312 1
22.280560086869208 = 152.97792277981466 @ 40828 190.76570749282837 1
5.224546470378698 = 145.62902589576333 @ 41686 194.03387355804443 1
22.48953162480527 = 159.66501199376864 @ 45522 207.94492030143738 1
22.844868891415018 = 148.96419547471942 @ 24436 127.48768758773804 1
4.640054736118687 = 136.96350311159597 @ 38316 182.19891142845154 1
12.602228003819874 = 137.13761589304352 @ 46608 211.5290400981903 1
13.309094594434029 = 117.34535135584719 @ 40802 190.7067084312439 1
5.167158794809902 = 149.30183713216627 @ 49198 220.78472518920898 1
12.363688434767328 = 136.18327617348518 @ 47200 214.11058259010315 1
14.523140572905431 = 83.35206395864793 @ 1548 5.897798538208008 1
12.409707003513567 = 137.47179609837988 @ 40104 189.22558426856995 1
4.976899940481738 = 158.52159619083125 @ 49896 222.16928935050964 1
21.97417579517863 = 143.1736254457162 @ 28952 144.05174612998962 1
5.224239541257574 = 145.64866935951528 @ 9946 60.41603064537048 1
5.034927375710799 = 157.76464795450886 @ 44498 204.38203048706055 1
13.138773240156945 = 122.11434927560552 @ 39686 186.80521726608276 1
29.480539712859333 = 158.44317702874662 @ 24448 127.50971555709839 1
12.998504256911422 = 126.04188080648018 @ 48426 217.8963565826416 1
22.501815508889663 = 159.94190371553077 @ 49494 221.38233137130737 1
12.376457257473238 = 136.54080320925067 @ 27050 138.5615417957306 1
0.06653366998635277 = 194.67730640109178 @ 49280 220.95572590827942 1
22.342341684829613 = 154.9549339145476 @ 45088 207.07805848121643 1
0.13136774154009892 = 189.49058067679206 @ 49052 220.5187268257141 1
22.500000000000043 = 159.99999999999864 @ 40854 190.82270884513855 1
4.962682615480036 = 157.6116873907223 @ 49764 221.90029120445251 1
5.459811012709692 = 130.5720951865797 @ 17232 97.56466484069824 1
12.448886393580908 = 138.56881902026544 @ 36850 175.576819896698 1
4.396171415055924 = 121.35497056357912 @ 39818 187.08324313163757 1
12.26545870331407 = 133.432843692794 @ 45260 207.43205571174622 1
22.591325788053922 = 157.0775747822745 @ 44990 205.43800115585327 1
23.40159270979136 = 131.1490332866765 @ 36400 174.64478707313538 1
14.732028200609227 = 77.50321038294166 @ 37708 179.17443776130676 1
29.699316643949313 = 175.94533151594504 @ 47494 214.69261837005615 1
22.47780337975329 = 159.28970815210528 @ 46662 211.62103986740112 1
29.87463462103875 = 189.97076968310012 @ 46204 210.76799893379211 1
22.71072997448672 = 153.25664081642492 @ 36922 175.71382212638855 1
12.470605417278183 = 139.17695168378913 @ 41070 192.83733749389648 1
29.856172712400287 = 188.49381699202297 @ 48126 217.3118133544922 1
0.10412294229301017 = 191.6701646165592 @ 49378 221.1627266407013 1
5.104374566249447 = 153.32002776003537 @ 38762 183.20951771736145 1
12.357326417972912 = 136.00513970324153 @ 31716 155.2605848312378 1
29.807429443720164 = 184.5943554976131 @ 49800 221.9792902469635 1
29.961344469806512 = 196.907557584521 @ 47770 215.19565200805664 1
5.266366732542372 = 142.95252911728818 @ 10040 63.288631439208984 1
0.116515866278097 = 190.67873069775226 @ 30808 151.4555003643036 1
0.02716685757774414 = 197.82665139378048 @ 49004 220.42072677612305 1
22.374489724157204 = 155.98367117303053 @ 49900 222.17829012870789 1
22.5886623388869 = 157.16280515561925 @ 39612 186.6552174091339 1
29.788190724870223 = 183.05525798961781 @ 46700 211.71403980255127 1
4.821624688488589 = 148.58398006326968 @ 47388 214.4756200313568 1
0.0017630437396714068 = 199.85895650082628 @ 48034 217.1372435092926 1
0.1541425485754996 = 187.66859611396004 @ 44268 203.9090313911438 1
12.560870253082923 = 138.29563291367816 @ 44296 203.9640281200409 1
22.116670976236662 = 147.7334712395732 @ 48802 218.62072658538818 1
4.746180373288235 = 143.75554389044703 @ 17768 98.73668670654297 1
29.875800334629258 = 190.0640267703406 @ 49062 220.53972744941711 1
22.50000000000001 = 159.99999999999966 @ 31568 154.95355606079102 1
22.59038717753009 = 157.10761031903712 @ 49212 220.80972623825073 1
29.424872837082205 = 153.9898269665764 @ 32158 158.009037733078 1
0.10418666680279157 = 191.66506665577668 @ 49904 222.19929027557373 1
22.49999007357455 = 159.99968235438564 @ 49306 221.01072692871094 1
29.394480079545566 = 151.5584063636453 @ 49990 222.37028789520264 1
0.37473720471920957 = 170.02102362246322 @ 48764 218.54438042640686 1
0.17320143794469822 = 186.14388496442416 @ 47654 214.98261833190918 1
23.677140754761194 = 122.3314958476418 @ 1000 0.016000986099243164 1
1.1306802966791516 = 109.54557626566788 @ 41796 194.25844955444336 1
0.10405636687712477 = 191.67549064983004 @ 44568 204.52900290489197 1
12.75371480529855 = 132.8959854516406 @ 19106 105.92410326004028 1
29.8913620949249 = 191.30896759399207 @ 48558 218.15732860565186 1
21.57121484548991 = 130.27887505567708 @ 45376 207.6680235862732 1
29.999477330535008 = 199.95818644280064 @ 46910 212.13209462165833 1
0.0017644859531492953 = 199.85884112374805 @ 49634 221.64428901672363 1
0.3052996050835113 = 175.5760315933191 @ 49816 222.00529050827026 1
29.93884318066434 = 195.1074544531471 @ 48366 217.78935527801514 1
5.2404231664650816 = 144.61291734623478 @ 48172 217.3918137550354 1
7.165930319457043 = 21.380459554749223 @ 47936 215.51062107086182 1
0.6146203593224315 = 150.8303712542055 @ 4474 28.492186546325684 1
22.411604316500338 = 157.1713381280108 @ 49072 220.5577585697174 1
22.5007295027408 = 159.9766559122944 @ 49930 222.2522909641266 1
5.023734408962951 = 158.48099782637115 @ 46498 211.32203698158264 1
22.590476582644328 = 157.1047493553815 @ 47698 215.06261801719666 1
21.476505416126827 = 127.24817331605846 @ 13954 80.7016453742981 1
29.296740417866175 = 143.73923342929402 @ 4040 26.837108612060547 1
29.80830269408122 = 184.66421552649763 @ 49972 222.33131337165833 1
0.0017812500687940224 = 199.8574999944965 @ 49370 221.1457278728485 1
29.097775422419588 = 127.82203379356702 @ 43226 200.29836893081665 1
22.865912299953013 = 148.29080640150357 @ 30336 150.51646757125854 1
0.7474152567657608 = 140.20677945873913 @ 47296 214.29764819145203 1
23.19329408761364 = 137.8145891963635 @ 36588 175.00681328773499 1
22.50000000491651 = 159.99999984267163 @ 49980 222.34728908538818 1
29.920560522298196 = 193.64484178385567 @ 44648 204.71800184249878 1
21.586577533789303 = 130.77048108125769 @ 29124 146.32976603507996 1
5.000000000476287 = 159.99999996951766 @ 49498 221.3903203010559 1
0.4122053889189775 = 167.0235688864818 @ 48434 217.9083559513092 1
22.563830084819006 = 157.9574372857918 @ 49536 221.46328949928284 1
13.054891192692423 = 124.46304660461215 @ 24238 127.09868478775024 1
22.54791538883765 = 158.46670755719515 @ 42898 198.12349557876587 1
22.5 = 160.0 @ 38420 182.452401638031 1
4.734671456071661 = 143.0189731885863 @ 45038 206.9910545349121 1
22.44488430365335 = 158.2362977169072 @ 49746 221.86728835105896 1
23.021116835699676 = 143.32426125761037 @ 35856 171.6217679977417 1
22.38505623414035 = 156.3217994924912 @ 44958 205.37200164794922 1
12.393420978410068 = 137.0157873954819 @ 40972 191.07333755493164 1
29.93856719878652 = 195.0853759029215 @ 49054 220.5237259864807 1
4.999999999835958 = 159.9999999895013 @ 49992 222.373291015625 1
12.8313524258405 = 130.722132076466 @ 26662 135.8035011291504 1
29.84357019854616 = 187.48561588369284 @ 48422 217.88935613632202 1
21.613254532037686 = 131.62414502520596 @ 3948 23.067649126052856 1
29.509500426021233 = 160.76003408169868 @ 47584 214.84164786338806 1
5.019742688544761 = 158.73646793313532 @ 49974 222.33428978919983 1
23.24784317340321 = 136.06901845109724 @ 14616 84.63629627227783 1
12.61494380731676 = 136.78157339513075 @ 48188 217.43181467056274 1
12.460192374638403 = 138.8853864898753 @ 31560 154.93855690956116 1
0.001789903247291471 = 199.85680774021665 @ 49938 222.26829147338867 1
22.03134477765676 = 145.0030328850163 @ 48322 217.71932935714722 1
4.8195448919642425 = 148.45087308571152 @ 44826 205.08400321006775 1
29.55828649519097 = 164.6629196152776 @ 7830 48.500404357910156 1
20.71247760124725 = 102.79928323991203 @ 20868 111.81259369850159 1
22.819703032918998 = 149.76950294659207 @ 43798 201.4818732738495 1
29.87582458718333 = 190.06596697466648 @ 48306 217.68732571601868 1
11.265036266554665 = 105.42101546353061 @ 2092 11.638345956802368 1
4.987131869960725 = 159.17643967748643 @ 49920 222.22828912734985 1
0.0017630272156102503 = 199.8589578227512 @ 46200 210.76003789901733 1
0.3706951222556042 = 170.34439021955166 @ 47310 214.32962107658386 1
28.313123852731017 = 65.04990821848139 @ 1000 0.016000986099243164 1
12.446169139586564 = 138.49273590842378 @ 44982 205.42500114440918 1
4.987392277837154 = 159.19310578157786 @ 49414 221.22975659370422 1
4.875122725141593 = 152.00785440906196 @ 43076 199.99440002441406 1
0.027357085555758193 = 197.81143315553933 @ 49730 221.8402886390686 1
29.65739775298853 = 172.59182023908238 @ 42524 197.3278181552887 1
11.790394382769982 = 120.1310427175595 @ 1000 0.016000986099243164 1
29.71119069933971 = 176.8952559471768 @ 36446 174.7287895679474 1
12.499999996128922 = 139.99999989160983 @ 42434 197.1475315093994 1
22.30449639401008 = 153.74388460832256 @ 26612 135.7052025794983 1
4.8982318440091035 = 153.48683801658262 @ 9542 59.29099798202515 1
4.999999994953577 = 159.99999967702894 @ 49688 221.73929166793823 1
0.06578089833821005 = 194.73752813294317 @ 31046 153.8665337562561 1
21.868127391159106 = 139.7800765170914 @ 45626 208.16692185401917 1
29.377214989223553 = 150.17719913788426 @ 48568 218.172358751297 1
0.37100129716108 = 170.31989622711362 @ 43908 201.7099061012268 1
22.500000000000014 = 159.99999999999955 @ 35106 169.9617338180542 1
22.55311949850744 = 158.30017604776197 @ 47784 215.2226529121399 1
22.65791642693599 = 154.9466743380483 @ 47164 214.0445876121521 1
28.67102277585406 = 93.68182206832472 @ 18878 103.326993227005 1
23.099704777516266 = 140.8094471194795 @ 43270 200.37936902046204 1
29.478136923259978 = 158.25095386079823 @ 46746 211.80305576324463 1
21.868372476012713 = 139.7879192324068 @ 1000 0.016000986099243164 1
5.418125495750447 = 133.2399682719714 @ 2592 13.708049058914185 1
5.023658207140806 = 158.48587474298841 @ 31914 155.67255663871765 1
22.499960408174097 = 159.9987330615711 @ 49316 221.02975583076477 1
5.527475829302719 = 126.241546924626 @ 17062 97.23069429397583 1
22.796280644129016 = 150.51901938787148 @ 42476 197.23053121566772 1
5.797277298237354 = 108.97425291280933 @ 29304 146.65383124351501 1
29.352864097948128 = 148.22912783585025 @ 43850 201.5959062576294 1
0.08360144601182061 = 193.31188431905434 @ 48714 218.4413664340973 1
22.43042004958767 = 157.77344158680546 @ 45058 207.02402234077454 1
29.93863275456431 = 195.0906203651448 @ 49528 221.44632005691528 1
29.9815477151115 = 198.52381720891998 @ 48728 218.47636651992798 1
0.7201603565232286 = 142.3871714781417 @ 13084 78.71656775474548 1
22.444963010217275 = 158.23881632695281 @ 45638 208.18792057037354 1
11.914591027800665 = 123.60854877841861 @ 38818 183.35951900482178 1
23.35365467221995 = 132.6830504889616 @ 40624 190.30567693710327 1
29.99945883728988 = 199.95670698319032 @ 40554 190.16870665550232 1
22.537106265626957 = 158.8125994999374 @ 49982 222.3532898426056 1
1.4118650774066412 = 87.0507938074687 @ 38062 181.62640595436096 1
4.999999998548263 = 159.9999999070888 @ 49778 221.92831873893738 1
12.487169659467227 = 139.64075046508236 @ 49454 221.30531644821167 1
22.324275415525932 = 154.37681329682982 @ 49446 221.28872561454773 1
23.819328328287487 = 117.78149349480043 @ 15764 89.68469524383545 1
29.89197659677557 = 191.35812774204567 @ 42846 198.00246739387512 1
0.0017950997709601125 = 199.85639201832322 @ 49922 222.23529076576233 1
29.734177829878327 = 178.73422639026614 @ 43070 199.98339867591858 1
0.14262096124091972 = 188.59032310072644 @ 47710 215.09361791610718 1
0.2931606360260068 = 176.54714911791945 @ 45440 207.79005575180054 1
12.96132476064703 = 127.08290670188319 @ 38588 182.83140015602112 1
20.94376235858752 = 110.20039547480064 @ 19032 105.76310348510742 1
29.43859405331407 = 155.08752426512558 @ 1000 0.016000986099243164 1
22.384860390156895 = 156.31553248502064 @ 49994 222.37829160690308 1
0.2677393215503767 = 178.58085427596987 @ 36112 174.0167887210846 1
0.337323153042413 = 173.01414775660697 @ 34176 166.12712001800537 1
4.987249377536124 = 159.18396016231196 @ 49890 222.16028785705566 1
13.968423796192361 = 98.88413370661388 @ 42918 198.16850066184998 1
4.940525744718177 = 156.19364766196333 @ 19390 106.54710650444031 1
22.678625219295533 = 154.28399298254294 @ 38302 182.17444944381714 1
12.209540965704505 = 131.86714703972615 @ 45796 208.49894881248474 1
22.429708216403853 = 157.7506629249233 @ 49530 221.44932222366333 1
22.13521612068273 = 148.3269158618474 @ 21928 116.036292552948 1
5.184078947413582 = 148.21894736553077 @ 31550 154.91855478286743 1
29.98039991224532 = 198.4319929796257 @ 49166 220.7257285118103 1
29.52339237495666 = 161.87138999653286 @ 26276 135.0789179801941 1
0.3864759785652848 = 169.08192171477722 @ 49310 221.02075815200806 1
12.015837517804705 = 126.44345049853175 @ 39944 187.3409447669983 1
12.211449537468287 = 131.92058704911204 @ 47852 215.35861921310425 1
0.052932525208366776 = 195.76539798333067 @ 31202 154.1635673046112 1
29.670336388059393 = 173.62691104475147 @ 38430 182.47740006446838 1
12.282999278325304 = 133.92397979310851 @ 48988 218.94872617721558 1
1.1311290335260895 = 109.50967731791283 @ 39704 186.84224677085876 1
29.511037661701877 = 160.88301293615018 @ 46734 211.7820565700531 1
29.68041422923962 = 174.4331383391696 @ 43202 200.25037002563477 1
22.58939975458882 = 157.1392078531578 @ 47626 214.92761731147766 1
3.558047360285896 = 67.71503105829734 @ 1296 4.862797260284424 1
29.96167200640082 = 196.9337605120657 @ 48146 217.3428144454956 1
0.33803279060822783 = 172.95737675134177 @ 47766 215.18865132331848 1
24.38894960310907 = 99.5536127005098 @ 40736 190.53167605400085 1
29.808758985344525 = 184.700718827562 @ 49578 221.54028940200806 1
29.982917592402377 = 198.63340739219012 @ 48930 218.85575413703918 1
5.014635728800697 = 159.06331335675537 @ 45148 207.19602227210999 1
22.521428140604613 = 159.3142995006524 @ 45890 208.69694542884827 1
5.200683394615764 = 147.15626274459112 @ 44806 205.0440013408661 1
12.784093309056493 = 132.0453873464182 @ 46562 211.44603872299194 1
29.999305326011587 = 199.94442608092697 @ 48944 218.88072800636292 1
4.999999993940284 = 159.99999961217816 @ 45916 208.74194741249084 1
0.13138601489850832 = 189.48911880811934 @ 46978 212.2690978050232 1
22.51060266726438 = 159.66071464753986 @ 39432 186.27336025238037 1
22.499999999999996 = 159.9999999999999 @ 46480 211.2930371761322 1
12.29692234769398 = 134.31382573543146 @ 40898 190.92476105690002 1
22.207561504630064 = 150.64196814816205 @ 44956 205.3700008392334 1
12.522194098235353 = 139.37856524941012 @ 43906 201.70587611198425 1
4.00345814083777 = 96.22132101361728 @ 19220 106.15613460540771 1
22.24037179016429 = 151.69189728525726 @ 16044 92.6352641582489 1
21.937763654900348 = 142.00843695681112 @ 3102 19.36777901649475 1
22.550144125059028 = 158.39538799811112 @ 49796 221.973290681839 1
2.1184656262210133 = 30.522749902318935 @ 1000 0.016000986099243164 1
4.697330831876332 = 140.62917324008527 @ 1470 5.492798089981079 1
12.29639598493302 = 134.29908757812458 @ 46292 210.93800950050354 1
5.308541993040615 = 140.25331244540064 @ 29078 146.23378992080688 1
22.681071154961707 = 154.20572304122538 @ 39292 185.96409440040588 1
29.9137613850046 = 193.10091080036813 @ 45746 208.40094709396362 1
0.4964507794435372 = 160.28393764451704 @ 38514 182.65539860725403 1
10.709885964137747 = 89.87680699585692 @ 2248 12.26040005683899 1
22.407705145885885 = 157.0465646683483 @ 49418 221.2357280254364 1
28.87623798532259 = 110.09903882580716 @ 21250 114.65416812896729 1
4.936916337576461 = 155.9626456048935 @ 49262 220.9207262992859 1
3.323361525116627 = 52.69513760746412 @ 1000 0.016000986099243164 1
6.200643393409759 = 83.1588228217754 @ 47776 215.20664882659912 1
29.680885971598286 = 174.4708777278629 @ 1786 6.90630578994751 1
20.69608588196617 = 102.27474822291742 @ 1000 0.016000986099243164 1
11.831132639791745 = 121.27171391416886 @ 33826 163.63242149353027 1
0.02940418751961031 = 197.64766499843117 @ 48952 218.8917260169983 1
29.999416995147683 = 199.95335961181468 @ 48482 218.01232886314392 1
21.777333308463625 = 136.874665870836 @ 1000 0.016000986099243164 1
20.9016265261244 = 108.85204883598078 @ 9646 59.56996417045593 1
0.0019050688031285623 = 199.84759449574972 @ 48194 217.44181656837463 1
23.48620258510506 = 128.44151727663802 @ 1000 0.016000986099243164 1
13.387769260282404 = 115.14246071209269 @ 15418 88.83469319343567 1
22.73993643328305 = 152.32203413494244 @ 32640 159.05003571510315 1
29.480421131200785 = 158.4336904960628 @ 45750 208.40794682502747 1
0.6812996883905189 = 145.4960249287585 @ 42020 196.27851462364197 1
22.821860848412786 = 149.70045285079084 @ 49428 221.25272583961487 1
22.499999999999964 = 159.99999999999886 @ 35658 171.1937713623047 1
22.551543260331655 = 158.35061566938703 @ 40684 190.4266757965088 1
4.836201319166112 = 149.51688442663118 @ 43192 200.2324023246765 1
5.098097154130372 = 153.7217821356562 @ 33574 163.09342432022095 1
28.171638998655915 = 53.7311198924732 @ 44584 204.5720021724701 1
12.46966451599716 = 139.15060644792047 @ 48686 218.39236736297607 1
22.322909748376023 = 154.33311194803275 @ 49754 221.88228821754456 1
11.343783254239048 = 107.62593111869333 @ 39960 187.37294960021973 1
13.265476958073007 = 118.5666451739558 @ 33402 162.74244928359985 1
22.73876625654357 = 152.35947979060575 @ 47810 215.26464939117432 1
21.02295944516682 = 112.73470224533821 @ 2120 11.781858444213867 1
21.887180376031406 = 140.389772033005 @ 41872 194.41742134094238 1
4.962307130384752 = 157.58765634462412 @ 49596 221.57929110527039 1
22.658185737551932 = 154.93805639833818 @ 37068 177.72190260887146 1
23.1956445486963 = 137.73937444171838 @ 37226 178.1329426765442 1
22.408305066457956 = 157.0657621266546 @ 49970 222.32729029655457 1
29.9105913707993 = 192.84730966394392 @ 49784 221.94928812980652 1
0.0008014904033295522 = 199.93588076773364 @ 49196 220.77875804901123 1
22.80163455083203 = 150.34769437337502 @ 20838 111.74459338188171 1
29.914868503581566 = 193.18948028652528 @ 48868 218.74175691604614 1
10.614998173174557 = 87.21994884888761 @ 8580 53.70004725456238 1
22.50000008175632 = 159.9999973837978 @ 49620 221.6162884235382 1
0.005977328306515518 = 199.52181373547876 @ 49264 220.92572569847107 1
0.5926716246503265 = 152.58627002797388 @ 11972 70.99092221260071 1
13.485980124798836 = 112.3925565056326 @ 4592 28.851189613342285 1
21.652744464479923 = 132.88782286335754 @ 46980 212.27409648895264 1
22.011842491326092 = 144.37895972243496 @ 16992 94.88427758216858 1
0.9615980218071073 = 123.07215825543142 @ 1628 6.217304468154907 1
12.69013046701305 = 134.67634692363458 @ 1000 0.016000986099243164 1
4.986816132019449 = 159.15623244924473 @ 48932 218.86275219917297 1
29.98241478090661 = 198.59318247252872 @ 49476 221.3472876548767 1
22.444300458225083 = 158.21761466320265 @ 49876 222.13129019737244 1
1.486019844337746 = 81.11841245298032 @ 1000 0.016000986099243164 1
0.07189278145316441 = 194.24857748374683 @ 49398 221.199725151062 1
22.489358817374622 = 159.65948215598792 @ 49028 220.46972918510437 1
22.38424312535845 = 156.29578001147036 @ 47320 214.34961700439453 1
29.412576513384337 = 153.00612107074699 @ 3646 21.648128986358643 1
26.73757670571609 = 24.397545417085098 @ 1000 0.016000986099243164 1
4.9881426922631515 = 159.2411323048417 @ 48974 218.92372512817383 1
0.5817122851028707 = 153.46301719177035 @ 6216 40.68199062347412 1
21.662725540021576 = 133.20721728069043 @ 41146 192.9893343448639 1
29.891257118462214 = 191.3005694769771 @ 42808 197.93350100517273 1
15.058158372906403 = 68.37156555862072 @ 26634 135.74347043037415 1
29.7882485183112 = 183.05988146489597 @ 49270 220.94073104858398 1
29.6022679920456 = 168.18143936364805 @ 48314 217.70232725143433 1
22.4093635268652 = 157.09963285968638 @ 47944 215.52264976501465 1
12.523681411155398 = 139.33692048764885 @ 48392 217.83335161209106 1
1.289324006874482 = 96.85407945004144 @ 33658 163.28642416000366 1
0.29232935459279447 = 176.61365163257645 @ 43092 200.03036832809448 1
29.715597004049346 = 177.24776032394772 @ 42808 197.93350100517273 1
22.499999999999982 = 159.99999999999943 @ 41392 193.45933556556702 1
22.134644989217364 = 148.30863965495564 @ 45482 207.8620536327362 1
12.499999999614971 = 139.9999999892192 @ 40490 190.0217089653015 1
22.536919870012536 = 158.81856415959885 @ 44286 203.9460322856903 1
21.67605541051406 = 133.63377313644992 @ 10660 64.90262794494629 1
22.38437622848417 = 156.3000393114935 @ 46880 212.0650818347931 1
4.990957960645842 = 159.42130948133388 @ 48506 218.0583255290985 1
29.999486721000917 = 199.95893768007335 @ 28704 143.5847156047821 1
22.489689399426197 = 159.6700607816383 @ 47128 213.98155689239502 1
4.914991443952087 = 154.55945241293358 @ 45478 207.85502529144287 1
22.500000000000053 = 159.9999999999983 @ 44200 203.78703546524048 1
12.499999999718405 = 139.99999999211533 @ 32940 159.7253656387329 1
23.099705279297858 = 140.80943106246855 @ 42990 198.30053186416626 1
5.63824001988423 = 119.15263872740928 @ 1000 0.016000986099243164 1
12.236659336807767 = 132.62646143061747 @ 20786 111.61859440803528 1
12.90601240062316 = 128.63165278255153 @ 13764 80.26964497566223 1
23.12858406387934 = 139.8853099558611 @ 13750 80.23764657974243 1
0.38388540642482594 = 169.28916748601392 @ 43716 201.29187297821045 1
24.741822337488266 = 88.2616852003755 @ 9768 59.93002390861511 1
22.65870652453227 = 154.92139121496734 @ 49744 221.86429047584534 1
11.73305483121247 = 118.52553527394917 @ 43690 201.237872838974 1
22.52233526320724 = 159.28527157736835 @ 49368 221.14272689819336 1
29.913178858254444 = 193.0543086603555 @ 49566 221.5163140296936 1
0.19217983660861615 = 184.6256130713107 @ 48642 218.3103268146515 1
0.9918970872439503 = 120.64823302048397 @ 1000 0.016000986099243164 1
6.304338315108993 = 76.52234783302447 @ 1000 0.016000986099243164 1
14.633498416425535 = 80.26204434008501 @ 6990 43.12049126625061 1
0.4113538725621009 = 167.09169019503193 @ 35388 170.60780692100525 1
11.895046312369887 = 123.06129674635685 @ 7330 47.03708457946777 1
29.812461009545256 = 184.99688076362048 @ 49766 221.90428757667542 1
4.751544238744365 = 144.09883127963934 @ 42074 196.39051508903503 1
22.50000000088029 = 159.99999997183068 @ 49570 221.52629160881042 1
24.339106635042235 = 101.14858767864848 @ 21294 114.73616552352905 1
22.500000000000032 = 159.99999999999898 @ 47434 214.56761717796326 1
26.06621813779791 = 45.88101959046685 @ 1000 0.016000986099243164 1
23.584761968704555 = 125.28761700145424 @ 36234 174.2967882156372 1
22.16210516955031 = 149.18736542560987 @ 15186 88.3001446723938 1
14.873938480636443 = 73.52972254217958 @ 38660 182.99139952659607 1
5.036230517554886 = 157.6812468764873 @ 46106 210.57669639587402 1
5.391618803550377 = 134.9363965727759 @ 30784 151.410471200943 1
22.565867535817148 = 157.89223885385127 @ 47826 215.2946171760559 1
21.60214335960684 = 131.26858750741883 @ 34480 166.76209092140198 1
29.961537601094577 = 196.92300808756613 @ 49602 221.58831906318665 1
29.768202075633297 = 181.4561660506638 @ 16096 92.77923130989075 1
25.135449969587025 = 75.66560097321519 @ 29796 147.5527000427246 1
3.4231452911306826 = 59.08129863236368 @ 1000 0.016000986099243164 1
12.523305453789371 = 139.3474472938976 @ 49394 221.1897521018982 1
22.500002229583213 = 159.99992865333718 @ 49710 221.80229091644287 1
22.48949823438958 = 159.66394350046653 @ 46234 210.8199965953827 1
12.61248078145732 = 136.85053811919505 @ 2152 11.908371210098267 1
12.5000001553592 = 139.99999564994243 @ 49410 221.22072649002075 1
23.067435251115185 = 141.84207196431407 @ 33352 162.63244533538818 1
5.764259073228015 = 111.08741931340705 @ 1900 7.380810737609863 1
12.431101271150634 = 138.07083559221775 @ 40548 190.15867710113525 1
24.042806551052365 = 110.63019036632431 @ 48572 218.17935919761658 1
9.813129103783652 = 64.76761490594225 @ 1372 5.174797296524048 1
12.524073045788015 = 139.3259547179356 @ 48242 217.54081439971924 1
4.351981025381669 = 118.5267856244268 @ 18986 103.56099247932434 1
22.591745791334944 = 157.0641346772818 @ 49122 220.6467559337616 1
0.5225019800100377 = 158.199841599197 @ 6632 42.00237798690796 1
22.537685348507253 = 158.7940688477679 @ 49582 221.55329132080078 1
12.271178706994936 = 133.5930037958582 @ 34690 167.26414108276367 1
29.891374387865064 = 191.30995102920508 @ 49660 221.69228982925415 1
5.104819463846545 = 153.2915543138211 @ 45484 207.86502504348755 1
13.732300612390159 = 105.49558285307556 @ 9432 58.95575022697449 1
5.237224632667467 = 144.8176235092821 @ 36668 175.18878889083862 1
0.10427280499249619 = 191.65817560060032 @ 48680 218.38139033317566 1
22.513064990495124 = 159.58192030415603 @ 49752 221.87828922271729 1
0.5382385543849666 = 156.94091564920268 @ 1000 0.016000986099243164 1
22.35702404633792 = 155.42476948281342 @ 46724 211.76505422592163 1
29.70587301636043 = 176.46984130883453 @ 47802 215.25261688232422 1
29.367490321804834 = 149.39922574438668 @ 46602 211.515070438385 1
29.96150351287101 = 196.92028102968067 @ 49866 222.11329174041748 1
29.363216706650295 = 149.0573365320236 @ 1354 5.090797662734985 1
12.540069176499586 = 138.8780630580116 @ 49204 220.79572701454163 1
29.602352080263906 = 168.18816642111244 @ 18884 103.34799480438232 1
22.520068565040063 = 159.357805918718 @ 48368 217.79435777664185 1
22.499999999999993 = 159.99999999999977 @ 49244 220.87972807884216 1
0.0017738608880385786 = 199.85809112895691 @ 49786 221.95429134368896 1
12.2439747146952 = 132.83129201146562 @ 48904 218.8097584247589 1
5.139316402410037 = 151.08375024575764 @ 42648 197.60081696510315 1
29.519686453531683 = 161.57491628253467 @ 46320 210.9920105934143 1
5.2016517994286335 = 147.09428483656745 @ 49962 222.31331539154053 1
12.717431020620861 = 133.9119314226159 @ 43754 201.38487315177917 1
4.818133700101537 = 148.36055680649838 @ 49814 222.00329089164734 1
5.1237736890420535 = 152.07848390130857 @ 47100 213.92856073379517 1
22.590157639881486 = 157.11495552379245 @ 48910 218.8197250366211 1
0.2268620877426551 = 181.8510329805876 @ 45490 207.87802290916443 1
0.1707096916257007 = 186.34322466994394 @ 49558 221.50129103660583 1
14.572532697288363 = 81.96908447592584 @ 38246 182.05842280387878 1
29.986779264080454 = 198.9423411264363 @ 40910 190.95176076889038 1
22.711004528120633 = 153.24785510013976 @ 46512 211.3510401248932 1
22.723073367159373 = 152.86165225090008 @ 23892 124.46252083778381 1
29.96198458017655 = 196.9587664141241 @ 34746 167.38211131095886 1
0.1835604668030255 = 185.31516265575794 @ 46158 210.67469358444214 1
22.460247384567467 = 158.72791630615893 @ 34038 165.8620889186859 1
23.2995316678142 = 134.4149866299456 @ 43200 200.24739480018616 1
29.981685364983406 = 198.53482919867247 @ 48404 217.85435676574707 1
29.602209291222582 = 168.17674329780658 @ 46712 211.74603748321533 1
11.844805880134897 = 121.65456464377712 @ 11754 70.35392332077026 1
5.000000000266173 = 159.99999998296494 @ 49916 222.2223196029663 1
4.987164137945661 = 159.1785048285223 @ 48668 218.3583664894104 1
29.875937952409995 = 190.0750361927996 @ 43626 201.09887266159058 1
4.8039766100666 = 147.45450304426242 @ 40996 191.12433767318726 1
22.036399827805443 = 145.16479448977418 @ 21112 114.34919881820679 1
29.788283851530814 = 183.0627081224651 @ 31690 155.20255541801453 1
29.961508490761 = 196.92067926087987 @ 49948 222.28529047966003 1
22.444419611221303 = 158.2214275590817 @ 49540 221.47131896018982 1
23.961465286912134 = 113.23311081881172 @ 35532 170.92177081108093 1
12.591099829496867 = 137.44920477408772 @ 48786 218.59175610542297 1
0.20453750123258424 = 183.63699990139327 @ 44994 205.4440314769745 1
0.0017947763248118565 = 199.85641789401507 @ 49838 222.05329203605652 1
22.342532290991464 = 154.96103331172685 @ 49694 221.76930499076843 1
0.0017658178067585881 = 199.85873457545932 @ 49240 220.87072467803955 1
22.429726549900064 = 157.75124959680204 @ 49640 221.65728974342346 1
22.34239190304823 = 154.9565408975434 @ 49374 221.1507272720337 1
0.13138689826319286 = 189.48904813894458 @ 49256 220.90275597572327 1
0.45214665525442965 = 163.82826757964563 @ 37436 178.5979025363922 1
0.8219335995581944 = 134.24531203534445 @ 1000 0.016000986099243164 1
12.447497372389428 = 138.52992642690398 @ 46650 211.59803938865662 1
29.843549151045256 = 187.48393208362046 @ 47338 214.3806188106537 1
22.58974958967758 = 157.1280131303174 @ 49526 221.4423222541809 1
4.999999999998373 = 159.99999999989586 @ 47600 214.8726201057434 1
22.785816120640245 = 150.85388413951216 @ 46424 211.18300914764404 1
4.964719154758495 = 157.74202590454365 @ 49396 221.192724943161 1
23.50672119048864 = 127.7849219043635 @ 16728 94.24424362182617 1
12.050140736552413 = 127.40394062346755 @ 30260 150.36292123794556 1
0.9187797706023444 = 126.49761835181245 @ 10184 63.6696298122406 1
0.02661396445737107 = 197.8708828434103 @ 48920 218.83672857284546 1
29.644261420895344 = 171.5409136716275 @ 26122 134.79488468170166 1
0.15395113046154618 = 187.6839095630763 @ 7112 46.40948224067688 1
12.64414785158272 = 135.96386015568385 @ 19338 106.44210314750671 1
12.53214792382697 = 139.09985813284482 @ 49828 222.03329038619995 1
22.54984283110428 = 158.40502940466308 @ 47432 214.56361842155457 1
5.50902099648444 = 127.42265622499582 @ 10112 63.48066282272339 1
22.50000000195501 = 159.99999993743972 @ 49842 222.0613191127777 1
0.05302539163341467 = 195.75796866932683 @ 43992 201.8749077320099 1
24.25869099668129 = 103.72188810619878 @ 20574 111.17662286758423 1
0.7717911981041455 = 138.25670415166837 @ 20402 110.79804587364197 1
0.2536479804038183 = 179.7081615676945 @ 37528 178.80390167236328 1
0.0664900484794673 = 194.6807961216426 @ 44040 203.47803449630737 1
22.856650576636984 = 148.58718154761652 @ 40660 190.37867641448975 1
0.9370655813130568 = 125.03475349495545 @ 5534 35.4551784992218 1
29.454270832915874 = 156.34166663326994 @ 4962 30.33921980857849 1
12.295952780289554 = 134.2866778481075 @ 49128 220.66372680664062 1
4.2625169815042545 = 112.80108681627229 @ 25046 130.77612590789795 1
4.595311726343841 = 134.0999504860058 @ 39424 186.2573585510254 1
11.484299348867262 = 111.56038176828335 @ 34242 166.2531201839447 1
29.658699316861146 = 172.69594534889166 @ 34228 166.22709012031555 1
12.487776742323383 = 139.65774878505474 @ 49486 221.36031866073608 1
29.890973990485705 = 191.27791923885638 @ 48808 218.63375186920166 1
0.0017627785980900723 = 199.85897771215278 @ 47630 214.9396481513977 1
12.645187906996245 = 135.93473860410512 @ 32622 159.0110366344452 1
29.91121106225171 = 192.89688498013675 @ 46548 211.4210386276245 1
0.7345571526247252 = 141.235427790022 @ 1000 0.016000986099243164 1
21.72079944675421 = 135.06558229613472 @ 39856 187.1552186012268 1
4.9889608801369185 = 159.29349632876279 @ 49366 221.1397259235382 1
12.561089092413853 = 138.2895054124121 @ 45924 208.75545811653137 1
4.6680012052928515 = 138.7520771387425 @ 15414 88.82669258117676 1
0.028714084760809194 = 197.70287321913526 @ 49036 220.48872756958008 1
10.403038467146741 = 81.28507708010875 @ 10676 64.96362924575806 1
28.950804103682767 = 116.06432829462136 @ 17520 98.20366525650024 1
29.999477925352146 = 199.95823402817166 @ 49416 221.23272705078125 1
23.736580154535062 = 120.42943505487801 @ 7686 48.08489370346069 1
22.500000000000025 = 159.9999999999992 @ 44166 203.70902800559998 1
0.3057093285455985 = 175.54325371635213 @ 49686 221.73631882667542 1
29.542438252725745 = 163.3950602180596 @ 49338 221.08672714233398 1
5.352646264242063 = 137.43063908850797 @ 17516 98.1927080154419 1
29.27662652081827 = 142.1301216654615 @ 14922 85.37482452392578 1
22.499999999999986 = 159.99999999999955 @ 32360 158.45104432106018 1
29.938624347625687 = 195.08994781005498 @ 47110 213.9495882987976 1
22.325122184999994 = 154.40390991999982 @ 48150 217.35181403160095 1
0.6498894298868745 = 148.00884560905004 @ 23082 122.81639409065247 1
27.639999974918933 = 11.199997993514614 @ 1000 0.016000986099243164 1
0.2922842653325413 = 176.6172587733967 @ 46808 211.9310541152954 1
5.123753702628838 = 152.0797630317544 @ 46618 211.54404091835022 1
21.59114162540005 = 130.91653201280155 @ 47474 214.64961695671082 1
12.393301856914926 = 137.01245199361793 @ 44434 204.24203205108643 1
22.499999383548634 = 159.99998027355628 @ 49998 222.3852891921997 1
29.84367798631918 = 187.4942389055343 @ 42214 196.6765158176422 1
5.061073479828197 = 156.09129729099539 @ 49882 222.14028978347778 1
29.999443305601226 = 199.95546444809804 @ 49440 221.27972626686096 1
22.443977295544943 = 158.2072734574382 @ 49678 221.72132349014282 1
10.91725758853179 = 95.68321247889011 @ 1702 6.521304607391357 1
13.200986809361403 = 120.37236933788071 @ 1000 0.016000986099243164 1
23.267751503843826 = 135.43195187699757 @ 47598 214.86965012550354 1
22.445845077066856 = 158.2670424661394 @ 41336 193.35536193847656 1
29.910859691843605 = 192.8687753474884 @ 49978 222.34232091903687 1
12.291742491744655 = 134.16878976885033 @ 49266 220.93472909927368 1
0.17394758580185013 = 186.084193135852 @ 46426 211.18600821495056 1
0.15398068118538594 = 187.6815455051691 @ 47920 215.4826202392578 1
25.997810401237896 = 48.07006716038734 @ 1000 0.016000986099243164 1
13.111153280533262 = 122.88770814506866 @ 6530 41.6843798160553 1
22.610135859003844 = 156.475652511877 @ 46038 210.43866753578186 1
29.984770873363487 = 198.781669869079 @ 49790 221.96428990364075 1
1.7366713239924714 = 61.06629408060229 @ 1000 0.016000986099243164 1
12.360074538746334 = 136.08208708489735 @ 48964 218.91072607040405 1
12.469050505907706 = 139.1334141654158 @ 46256 210.86399817466736 1
29.7344753030984 = 178.75802424787196 @ 40424 189.89457941055298 1
0.4114333426278756 = 167.08533258976996 @ 43006 199.85139632225037 1
12.163546090768572 = 130.57929054152 @ 23176 122.99588227272034 1
4.9659089766769835 = 157.81817450732694 @ 46940 212.18609523773193 1
12.500000373292501 = 139.99998954780997 @ 45656 208.2189221382141 1
0.08404880817341932 = 193.27609534612645 @ 49482 221.35528779029846 1
0.028672296034275686 = 197.70621631725794 @ 47068 213.87059044837952 1
12.716518658702132 = 133.9374775563403 @ 43672 201.20587468147278 1
22.2876085633651 = 153.20347402768323 @ 44466 204.31303071975708 1
29.91130202057211 = 192.90416164576868 @ 49470 221.33331847190857 1
29.938472668531446 = 195.0778134825157 @ 49906 222.20232033729553 1
5.250523485653227 = 143.96649691819346 @ 1000 0.016000986099243164 1
29.60737194078417 = 168.58975526273355 @ 49116 220.63675737380981 1
29.999433017005046 = 199.95464136040368 @ 49450 221.29778957366943 1
12.805640890345499 = 131.44205507032603 @ 17288 97.6816942691803 1
12.73406635280647 = 133.44614212141883 @ 44420 204.2120018005371 1
12.626363842239801 = 136.46181241728556 @ 14486 84.3417661190033 1
22.500000000000004 = 159.9999999999999 @ 31482 154.7845561504364 1
5.000000000385557 = 159.99999997532433 @ 48494 218.03535413742065 1
13.042706045605508 = 124.80423072304578 @ 26502 135.5022006034851 1
23.144882246275344 = 139.363768119189 @ 40244 189.51655554771423 1
22.744849916871804 = 152.16480266010228 @ 38664 182.99740028381348 1
10.837038705807801 = 93.43708376261844 @ 6034 40.062989234924316 1
22.549456314062226 = 158.41739795000876 @ 49862 222.10432076454163 1
9.455242071180225 = 54.74677799304629 @ 9956 60.4380304813385 1
21.937249583362203 = 141.99198666759048 @ 46100 210.56466817855835 1
23.04340672803906 = 142.6109847027501 @ 47190 214.09556078910828 1
22.223572803298076 = 151.15432970553843 @ 48528 218.09332609176636 1
20.375718294389074 = 92.02298542045037 @ 11632 70.0409529209137 1
21.168349506399817 = 117.38718420479415 @ 1038 3.8068017959594727 1
4.477695427536178 = 126.57250736231538 @ 32932 159.70236563682556 1
4.498726911026881 = 127.91852230572039 @ 9670 59.64096474647522 1
29.644225721958122 = 171.53805775664978 @ 49384 221.17172622680664 1
12.431744739457091 = 138.08885270479857 @ 49714 221.81328868865967 1
22.50000000000002 = 159.99999999999932 @ 47312 214.3326542377472 1
22.148913550162 = 148.765233605184 @ 20064 110.0854983329773 1
29.999434297922594 = 199.95474383380753 @ 48994 218.95972776412964 1
12.5235150930605 = 139.341577394306 @ 49510 221.41228795051575 1
29.985453450072498 = 198.83627600579985 @ 49502 221.3972909450531 1
4.999999999994029 = 159.99999999961784 @ 49432 221.26075673103333 1
0.3050999245651273 = 175.59200603478982 @ 45414 207.73402452468872 1
29.73184560289385 = 178.54764823150788 @ 44988 205.43400073051453 1
4.818534027663244 = 148.3861777704476 @ 49252 220.89575600624084 1
22.475197170323383 = 159.20630945034827 @ 48106 217.27381420135498 1
4.4038326063171045 = 121.84528680429469 @ 4682 29.217219829559326 1
12.030770200054 = 126.86156560151201 @ 4560 28.77018666267395 1
29.23538735834905 = 138.8309886679241 @ 1000 0.016000986099243164 1
22.385317264777314 = 156.33015247287403 @ 46530 211.38403916358948 1
29.91929273033067 = 193.54341842645368 @ 46560 211.4430410861969 1
29.909426680383874 = 192.75413443070988 @ 48440 217.93032789230347 1
29.745952715187556 = 179.6762172150045 @ 30104 150.06890773773193 1
12.342753459587612 = 135.59709686845315 @ 42450 197.1785328388214 1
29.996841769906595 = 199.74734159252762 @ 49950 222.2892942428589 1
0.027807879184188346 = 197.77536966526495 @ 49362 221.132728099823 1
29.97613372578911 = 198.0906980631289 @ 45230 207.37702465057373 1
8.55338864462474 = 29.494882049492702 @ 1000 0.016000986099243164 1
12.690832932910215 = 134.65667787851396 @ 46496 211.3180446624756 1
0.027247707338213186 = 197.82018341294292 @ 48636 218.30132699012756 1
29.845792553106715 = 187.66340424853723 @ 46794 211.90105533599854 1
4.804041460615618 = 147.45865347939957 @ 38688 183.04040026664734 1
22.228038697448977 = 151.29723831836725 @ 33156 162.22541093826294 1
4.8977162974253075 = 153.45384303521968 @ 46692 211.70005869865417 1
0.10415775782992648 = 191.66737937360585 @ 49176 220.7437252998352 1
0.305762112265228 = 175.53903101878177 @ 45954 208.81645703315735 1
29.937200103335783 = 194.97600826686266 @ 47082 213.89458394050598 1
0.1898109063848092 = 184.81512748921529 @ 25162 130.98412609100342 1
0.7201841920420722 = 142.38526463663422 @ 42472 197.22256302833557 1
1.1839423792597124 = 105.28460965922301 @ 15244 88.42769289016724 1
24.440220052067627 = 97.91295833383595 @ 41102 192.9013831615448 1
29.34694340046122 = 147.7554720368977 @ 14028 83.25675702095032 1
4.7197658023775775 = 142.06501135216496 @ 43280 200.3993685245514 1
0.4225980954036286 = 166.1921523677097 @ 44966 205.38800311088562 1
1.103428970958138 = 111.72568232334896 @ 2188 12.04536771774292 1
22.656986545369303 = 154.9764305481823 @ 6378 41.22599935531616 1
22.588399680872314 = 157.17121021208595 @ 49300 220.9957263469696 1
10.01731351830815 = 70.4847785126282 @ 1000 0.016000986099243164 1
22.83643779322881 = 149.23399061667806 @ 43058 199.94937133789062 1
27.330941563219312 = 5.409869976982009 @ 1000 0.016000986099243164 1
12.769721538729147 = 132.44779691558387 @ 16414 93.53124046325684 1
29.93868231195259 = 195.0945849562072 @ 49296 220.98972749710083 1
22.536903816631273 = 158.81907786779925 @ 47858 215.36764335632324 1
12.522913862973649 = 139.35841183673784 @ 48280 217.63281321525574 1
29.985591666210176 = 198.8473332968141 @ 49768 221.90728998184204 1
22.88986372822286 = 147.52436069686848 @ 44908 205.23800086975098 1
29.961625029343587 = 196.93000234748695 @ 42496 197.26453137397766 1
29.98547202776513 = 198.83776222121043 @ 49460 221.31832027435303 1
4.9886113227387465 = 159.27112465527978 @ 49088 220.58475613594055 1
29.982704939233734 = 198.61639513869875 @ 49214 220.81572937965393 1
22.383987340025474 = 156.28759488081516 @ 48694 218.40539741516113 1
23.64116204454732 = 123.48281457448581 @ 8704 54.0280487537384 1
22.17953014131199 = 149.74496452198366 @ 28474 143.15031790733337 1
0.22975011556287944 = 181.61999075496965 @ 49986 222.3642885684967 1
22.994593223676606 = 144.1730168423486 @ 33182 162.28044199943542 1
22.758738196132256 = 151.7203777237678 @ 30360 150.56349658966064 1
22.067246611179765 = 146.1518915577525 @ 41224 193.1413369178772 1
29.890895746617183 = 191.27165972937462 @ 49590 221.56931447982788 1
13.226392354786855 = 119.66101406596806 @ 48426 217.8963565826416 1
0.052961435997159634 = 195.76308512022723 @ 25218 131.09612607955933 1
22.489051334950553 = 159.64964271841768 @ 46294 210.9410092830658 1
22.444050629024403 = 158.2096201287809 @ 47238 214.18755722045898 1
5.1858193864424695 = 148.10755926768195 @ 42166 196.5805163383484 1
12.469793550843667 = 139.15421942362266 @ 49518 221.42528796195984 1
21.436995722484767 = 125.98386311951253 @ 23726 124.13952684402466 1
29.122977893403164 = 129.83823147225309 @ 11940 70.90492129325867 1
22.42847022726863 = 157.71104727259615 @ 49638 221.65328788757324 1
12.34274936317136 = 135.59698216879806 @ 44376 204.11403274536133 1
12.342687952776192 = 135.5952626777334 @ 44210 203.80200147628784 1
21.745648621295807 = 135.86075588146582 @ 44640 204.6970019340515 1
11.227903179008157 = 104.3812890122284 @ 28316 142.87235069274902 1
29.843530489936356 = 187.48243919490847 @ 48154 217.3588261604309 1
0.3899336991084068 = 168.80530407132744 @ 37854 179.495436668396 1
16.63583301646832 = 24.196675538886993 @ 1000 0.016000986099243164 1
12.392910032954527 = 137.00148092272676 @ 48508 218.06232714653015 1
4.4319299091722595 = 123.6435141870246 @ 1000 0.016000986099243164 1
22.565756207567663 = 157.89580135783478 @ 44840 205.11500525474548 1
21.89986928804692 = 140.7958172175014 @ 35368 170.57080674171448 1
22.51113977374027 = 159.6435272403114 @ 47614 214.89765095710754 1
4.70539443560087 = 141.1452438784557 @ 47044 213.8265895843506 1
0.4960138293369889 = 160.3188936530409 @ 10780 65.23865914344788 1
22.384853188687636 = 156.31530203800435 @ 46612 211.53403973579407 1
29.602199315129795 = 168.1759452103836 @ 47672 215.01262021064758 1
5.542135743855355 = 125.30331239325727 @ 8218 52.584434270858765 1
29.696259042613804 = 175.70072340910428 @ 47792 215.23661971092224 1
11.776310582377759 = 119.73669630657724 @ 39984 187.4159905910492 1
0.19017372524672188 = 184.78610198026223 @ 49642 221.66228938102722 1
22.50000000000003 = 159.9999999999991 @ 33220 162.3524136543274 1
4.697406900167077 = 140.63404161069292 @ 45222 207.3580560684204 1
29.911526209454617 = 192.9220967563694 @ 49722 221.82728910446167 1
22.500000000915286 = 159.99999997071086 @ 49738 221.85128951072693 1
12.4700490069448 = 139.1613721944544 @ 49148 220.69475960731506 1
29.048818355866274 = 123.90546846930192 @ 19502 106.78910541534424 1
4.846128631032134 = 150.1522323860566 @ 24200 127.03168177604675 1
12.657555281484443 = 135.58845211843558 @ 7582 47.776925802230835 1
29.891535638974414 = 191.32285111795312 @ 46866 212.03905534744263 1
12.431772844573052 = 138.08963964804545 @ 33528 163.0124228000641 1
0.26727201549720747 = 178.61823876022342 @ 1000 0.016000986099243164 1
12.500000545462747 = 139.99998472704308 @ 49516 221.42129158973694 1
1.3034189900722704 = 95.72648079421838 @ 1000 0.016000986099243164 1
22.035023949400703 = 145.1207663808225 @ 46372 211.09601092338562 1
22.32744042187711 = 154.47809350006753 @ 41886 194.4464213848114 1
4.803929246333439 = 147.4514717653401 @ 48954 218.89472770690918 1
29.643345132505228 = 171.46761060041825 @ 39710 186.85921907424927 1
5.4330119026557036 = 132.28723823003497 @ 6930 42.93846106529236 1
12.864137589509264 = 129.8041474937406 @ 36996 175.88482022285461 1
12.488153753875732 = 139.66830510852049 @ 44734 204.88504147529602 1
29.81742108025294 = 185.39368642023533 @ 49732 221.84228825569153 1
5.017073793186049 = 158.90727723609285 @ 49098 220.60172843933105 1
22.460011854616468 = 158.72037934772698 @ 46490 211.30904030799866 1
29.999461800755935 = 199.95694406047477 @ 48220 217.4928159713745 1
22.409832808547556 = 157.11464987352178 @ 42950 198.22253251075745 1
0.844789467115038 = 132.41684263079696 @ 1000 0.016000986099243164 1
0.04231851960037483 = 196.61451843197 @ 49936 222.26529097557068 1
11.937434329446122 = 124.24816122449141 @ 4838 29.864222049713135 1
0.0017679952619835022 = 199.8585603790413 @ 48746 218.51036930084229 1
22.58878571901124 = 157.15885699164028 @ 46616 211.54103994369507 1
0.0017856717572463591 = 199.8571462594203 @ 49742 221.85928988456726 1
29.999449294615985 = 199.95594356927882 @ 49976 222.33828830718994 1
0.06674483313682661 = 194.66041334905387 @ 49044 220.50072503089905 1
0.9084630689017841 = 127.32295448785727 @ 3538 21.213129997253418 1
5.0748987985471885 = 155.20647689297994 @ 40880 190.88321781158447 1
0.18986397965574398 = 184.81088162754048 @ 48852 218.71372509002686 1
13.299518157286927 = 117.61349159596602 @ 48430 217.90232849121094 1
14.249948700583387 = 91.00143638366518 @ 49188 220.76575827598572 1
27.450017243374063 = 1.5994482120299836 @ 1000 0.016000986099243164 1
4.999999997980673 = 159.99999987076308 @ 48164 217.37981534004211 1
